1.841  
1.375  
1.946  
1.745  
1.663  
1.702  
1.798  
1.339  
1.899  
1.457  
1.914  
1.884  
1.636  
1.332  
1.642  
1.839  
1.794  
1.721  
1.759  
1.352  
1.447  
1.918  
1.463  
1.924  
1.877  
1.413  
1.459  
1.683  
1.379  
1.534  
1.854  
1.511  
1.708  
1.720  
1.479  
1.493  
1.931  
1.960  
1.385  
1.666  
1.326  
1.304  
1.710  
1.713  
1.429  
1.689  
1.725  
1.309  
1.619  
1.812  
1.801  
1.638  
1.881  
1.805  
1.604  
1.717  
1.451  
1.790  
1.914  
1.568  
1.481  
1.752  
1.870  
1.744  
1.800  
1.482  
1.782  
1.618  
1.519  
1.759  
1.707  
1.430  
1.389  
1.611  
1.645  
1.464  
1.646  
1.396  
1.899  
1.972  
1.695  
1.654  
1.347  
1.550  
1.689  
1.441  
1.475  
1.666  
1.585  
1.469  
1.898  
1.464  
1.690  
1.768  
1.819  
1.866  
1.975  
1.669  
1.698  
1.372
0
