1500 4491
0 1 63
0 2 9
0 3 38
0 4 92
0 8 41
0 9 63
0 11 28
0 12 7
0 18 19
0 20 71
0 21 12
0 27 35
0 30 72
0 34 64
0 41 96
0 43 37
0 52 53
0 53 24
0 74 85
0 87 79
0 90 15
0 193 8
0 196 68
0 206 83
0 222 61
0 293 22
0 298 61
0 368 59
0 415 33
0 601 10
0 644 74
0 671 78
0 688 38
0 707 53
0 724 29
0 748 59
0 781 4
0 894 24
0 935 65
0 938 91
0 944 83
0 1107 39
0 1148 93
0 1179 28
0 1207 9
0 1210 37
0 1286 100
0 1292 56
0 1471 33
1 4 19
1 5 60
1 8 13
1 9 30
1 10 32
1 19 43
1 26 55
1 28 35
1 63 28
1 94 62
1 105 93
1 124 23
1 179 34
1 182 27
1 184 30
1 189 14
1 224 7
1 242 73
1 286 26
1 359 38
1 420 21
1 461 2
1 477 64
1 494 83
1 508 36
1 521 88
1 541 75
1 543 29
1 608 68
1 618 83
1 628 15
1 636 86
1 693 87
1 696 26
1 765 32
1 814 59
1 828 55
1 1019 34
1 1107 58
1 1113 69
1 1140 21
1 1143 2
1 1228 68
1 1422 34
2 5 49
2 12 45
2 15 37
2 17 71
2 35 18
2 100 40
2 110 33
2 155 64
2 172 87
2 199 19
2 221 56
2 237 81
2 286 27
2 298 81
2 301 32
2 312 92
2 502 33
2 756 61
2 893 74
2 910 92
2 920 94
2 948 22
2 998 62
2 1175 81
2 1225 5
2 1227 78
2 1339 34
2 1381 46
2 1446 58
2 1498 87
3 4 72
3 5 98
3 6 38
3 7 70
3 8 41
3 13 27
3 14 77
3 20 6
3 21 23
3 25 78
3 30 100
3 32 74
3 36 71
3 39 64
3 49 29
3 58 21
3 61 71
3 62 10
3 70 50
3 71 74
3 79 13
3 99 6
3 116 49
3 117 14
3 120 57
3 131 50
3 140 9
3 141 26
3 144 31
3 168 9
3 183 79
3 186 45
3 202 88
3 203 4
3 213 82
3 219 13
3 239 37
3 274 8
3 276 38
3 295 47
3 307 20
3 324 83
3 329 69
3 332 4
3 341 52
3 363 95
3 398 52
3 400 35
3 402 35
3 450 69
3 451 1
3 496 77
3 500 16
3 518 60
3 542 14
3 550 12
3 586 79
3 594 46
3 620 85
3 631 82
3 647 27
3 650 88
3 705 73
3 730 16
3 772 72
3 778 62
3 785 23
3 810 4
3 838 80
3 842 50
3 873 52
3 875 8
3 876 26
3 889 81
3 891 66
3 971 30
3 980 58
3 995 23
3 1020 49
3 1047 84
3 1054 15
3 1056 74
3 1064 16
3 1091 47
3 1107 58
3 1185 37
3 1239 4
3 1280 88
3 1305 66
3 1367 50
4 6 76
4 7 62
4 40 60
4 92 99
4 115 7
4 199 91
4 218 79
4 256 4
4 355 77
4 356 58
4 515 25
4 694 68
4 775 9
4 793 20
4 806 80
4 841 47
4 982 56
4 1111 85
4 1391 83
5 6 86
5 9 88
5 11 35
5 16 68
5 22 8
5 27 46
5 28 44
5 44 1
5 46 78
5 48 53
5 58 22
5 73 87
5 77 24
5 81 85
5 92 12
5 93 75
5 97 51
5 109 73
5 140 4
5 143 90
5 147 50
5 155 22
5 160 9
5 167 4
5 170 42
5 174 8
5 187 20
5 207 27
5 208 84
5 261 94
5 263 100
5 287 56
5 290 83
5 318 97
5 321 90
5 343 61
5 348 42
5 375 51
5 381 28
5 385 73
5 387 97
5 429 36
5 441 1
5 467 25
5 511 68
5 525 91
5 537 44
5 540 14
5 557 13
5 574 28
5 587 49
5 610 56
5 627 47
5 640 60
5 668 22
5 691 35
5 725 77
5 726 23
5 771 24
5 799 52
5 902 17
5 918 31
5 946 96
5 967 45
5 990 42
5 1018 99
5 1019 51
5 1023 51
5 1099 78
5 1123 32
5 1140 45
5 1158 36
5 1169 22
5 1191 76
5 1200 64
5 1230 20
5 1240 26
5 1281 27
5 1322 76
5 1326 63
5 1371 6
5 1405 9
5 1443 58
6 7 98
6 10 65
6 13 47
6 16 61
6 20 32
6 23 22
6 25 10
6 27 91
6 28 23
6 30 62
6 31 14
6 40 17
6 43 94
6 59 10
6 61 39
6 80 43
6 101 94
6 113 58
6 115 28
6 131 41
6 137 73
6 142 77
6 159 68
6 174 90
6 195 25
6 198 98
6 235 47
6 277 41
6 285 69
6 289 93
6 309 8
6 315 23
6 326 69
6 341 87
6 365 25
6 374 89
6 397 81
6 409 68
6 438 76
6 453 39
6 458 63
6 489 53
6 551 94
6 561 82
6 614 71
6 701 26
6 714 52
6 729 81
6 747 10
6 782 96
6 799 25
6 820 45
6 868 100
6 914 72
6 950 50
6 999 13
6 1045 24
6 1046 76
6 1068 31
6 1084 1
6 1214 87
6 1318 65
6 1448 20
7 11 40
7 12 39
7 24 7
7 200 30
7 236 100
7 259 94
7 380 54
7 407 87
7 535 88
7 541 77
7 687 13
7 1159 62
7 1304 97
7 1332 30
7 1400 34
7 1432 100
8 10 15
8 13 57
8 21 60
8 22 80
8 34 40
8 36 34
8 54 27
8 60 71
8 75 75
8 84 88
8 86 13
8 121 87
8 163 62
8 169 95
8 290 92
8 313 25
8 337 50
8 399 7
8 501 48
8 503 3
8 555 27
8 616 2
8 619 36
8 650 22
8 699 67
8 805 92
8 932 81
8 977 34
8 979 20
8 1032 22
8 1121 88
8 1129 73
8 1182 9
8 1188 20
8 1322 76
8 1340 21
8 1391 34
8 1458 48
8 1466 53
8 1476 66
9 14 86
9 17 12
9 22 83
9 37 8
9 48 93
9 55 91
9 56 52
9 67 42
9 70 12
9 84 57
9 113 21
9 130 16
9 156 51
9 164 14
9 203 85
9 214 79
9 245 21
9 306 54
9 309 21
9 351 95
9 360 98
9 423 33
9 452 53
9 462 4
9 512 73
9 525 84
9 536 67
9 592 67
9 617 27
9 647 91
9 891 62
9 914 78
9 985 43
9 1172 42
9 1216 79
9 1287 97
9 1308 97
9 1357 22
10 15 97
10 17 93
10 26 7
10 29 58
10 45 98
10 52 7
10 55 32
10 93 12
10 102 35
10 126 50
10 135 87
10 179 29
10 215 72
10 260 21
10 272 85
10 304 3
10 350 85
10 362 20
10 372 20
10 421 39
10 455 53
10 469 66
10 470 34
10 489 41
10 503 17
10 528 52
10 540 48
10 550 41
10 574 9
10 600 2
10 623 47
10 656 39
10 678 66
10 723 18
10 729 22
10 730 38
10 812 51
10 815 96
10 837 32
10 942 79
10 964 23
10 1004 73
10 1135 13
10 1176 58
10 1347 84
10 1397 33
10 1401 67
11 15 30
11 18 68
11 39 9
11 69 45
11 88 53
11 102 50
11 107 30
11 126 82
11 167 21
11 172 55
11 194 88
11 201 29
11 230 89
11 236 37
11 264 94
11 266 99
11 290 20
11 311 70
11 328 35
11 336 86
11 390 93
11 397 24
11 413 75
11 420 76
11 434 100
11 514 55
11 599 66
11 803 90
11 838 5
11 925 33
11 975 28
11 1153 81
11 1155 70
11 1157 91
11 1244 80
11 1323 73
11 1324 83
11 1362 44
11 1444 31
11 1457 1
11 1486 99
12 31 33
12 63 30
12 65 4
12 67 40
12 69 77
12 81 31
12 98 24
12 106 60
12 119 47
12 148 86
12 182 83
12 199 20
12 209 99
12 233 15
12 253 84
12 273 96
12 335 33
12 337 32
12 367 93
12 449 91
12 457 94
12 504 65
12 562 87
12 584 93
12 667 51
12 955 13
12 1076 56
12 1142 98
13 14 40
13 31 85
13 59 9
13 87 73
13 90 98
13 122 74
13 123 61
13 127 4
13 128 10
13 132 34
13 150 21
13 154 28
13 168 68
13 187 69
13 191 71
13 255 92
13 356 58
13 463 86
13 471 89
13 502 40
13 507 88
13 541 35
13 621 4
13 645 53
13 656 64
13 729 3
13 748 46
13 757 12
13 884 72
13 896 100
13 899 84
13 940 77
13 943 73
13 988 58
13 1010 93
13 1046 27
13 1188 39
13 1258 99
13 1285 29
13 1351 92
13 1374 15
14 50 81
14 243 88
14 336 54
14 810 10
14 1117 57
14 1148 60
14 1478 64
15 16 86
15 18 12
15 19 17
15 24 70
15 44 7
15 50 46
15 66 61
15 72 70
15 82 37
15 85 57
15 114 59
15 118 30
15 129 92
15 132 77
15 133 80
15 157 1
15 161 19
15 178 23
15 185 44
15 187 52
15 284 76
15 295 37
15 304 67
15 320 24
15 384 36
15 408 11
15 468 37
15 499 22
15 508 6
15 527 34
15 534 27
15 575 77
15 577 36
15 630 14
15 705 35
15 710 98
15 715 68
15 717 84
15 761 37
15 802 91
15 845 66
15 865 90
15 923 15
15 924 21
15 1017 39
15 1057 36
15 1082 5
15 1101 6
15 1156 97
15 1262 52
15 1292 10
15 1322 77
15 1352 94
15 1368 2
15 1383 79
15 1385 16
15 1395 51
15 1399 28
16 145 82
16 293 92
16 321 60
16 333 20
16 370 88
16 516 25
16 1075 4
16 1246 99
17 35 93
17 41 19
17 48 99
17 86 94
17 121 86
17 191 97
17 228 3
17 284 53
17 501 4
17 606 73
17 663 23
17 733 44
17 833 61
17 938 55
17 970 61
17 1171 23
17 1212 89
17 1222 70
17 1452 18
18 19 79
18 23 48
18 24 22
18 25 51
18 26 90
18 35 41
18 45 25
18 53 53
18 63 87
18 71 49
18 96 46
18 98 62
18 137 4
18 148 62
18 149 62
18 180 10
18 203 50
18 285 3
18 293 72
18 302 66
18 330 30
18 403 49
18 488 15
18 489 11
18 545 98
18 554 20
18 569 82
18 570 95
18 598 95
18 599 50
18 626 69
18 654 1
18 752 31
18 937 45
18 940 49
18 959 64
18 981 21
18 993 67
18 998 45
18 1006 52
18 1008 65
18 1102 66
18 1231 35
18 1282 58
18 1300 24
18 1435 98
18 1443 18
19 46 31
19 82 13
19 100 61
19 125 81
19 165 15
19 175 75
19 178 42
19 185 63
19 216 1
19 232 48
19 268 8
19 325 3
19 364 83
19 440 57
19 516 58
19 530 31
19 540 42
19 573 94
19 660 80
19 697 80
19 703 10
19 734 24
19 794 1
19 820 33
19 855 26
19 925 1
19 1250 6
19 1278 45
19 1288 29
19 1342 94
19 1355 98
20 38 65
20 45 11
20 56 91
20 64 91
20 70 79
20 76 15
20 80 7
20 92 90
20 97 17
20 99 96
20 118 27
20 124 98
20 126 12
20 128 3
20 151 89
20 161 11
20 171 67
20 173 93
20 193 33
20 211 41
20 248 97
20 255 64
20 267 13
20 269 100
20 274 57
20 278 10
20 294 29
20 308 14
20 358 33
20 393 85
20 395 25
20 399 11
20 412 39
20 430 64
20 446 98
20 474 52
20 485 22
20 505 88
20 525 19
20 546 100
20 575 92
20 586 65
20 654 50
20 673 1
20 715 34
20 752 60
20 762 92
20 774 80
20 775 33
20 791 29
20 813 46
20 858 98
20 877 5
20 890 94
20 928 87
20 944 73
20 1029 94
20 1098 97
20 1169 35
20 1249 32
20 1266 25
20 1343 79
20 1361 56
20 1419 49
20 1438 16
21 23 67
21 32 80
21 116 38
21 146 6
21 167 7
21 257 23
21 531 71
21 607 14
21 622 27
21 623 49
21 823 51
21 1113 63
21 1141 17
21 1416 61
21 1464 82
21 1484 46
22 33 52
22 49 27
22 54 29
22 55 32
22 66 25
22 78 33
22 98 37
22 105 100
22 107 85
22 131 31
22 162 77
22 166 82
22 192 34
22 197 43
22 225 33
22 258 69
22 271 47
22 325 17
22 381 66
22 384 52
22 441 93
22 472 77
22 486 89
22 491 6
22 497 72
22 524 98
22 528 42
22 533 40
22 543 20
22 559 63
22 588 54
22 597 95
22 605 7
22 618 29
22 620 17
22 847 35
22 907 13
22 928 62
22 933 97
22 1001 26
22 1016 82
22 1028 37
22 1060 49
22 1133 63
22 1145 78
22 1256 17
22 1264 72
22 1306 21
22 1317 11
22 1350 10
22 1384 51
22 1390 28
22 1413 99
23 32 38
23 47 100
23 1126 23
24 34 99
24 50 11
24 77 3
24 78 69
24 80 50
24 83 79
24 88 57
24 89 98
24 90 69
24 116 61
24 118 7
24 137 77
24 152 72
24 177 50
24 211 26
24 260 32
24 315 29
24 349 77
24 370 10
24 427 57
24 487 35
24 500 27
24 526 41
24 579 32
24 585 97
24 593 97
24 604 72
24 609 95
24 632 99
24 633 55
24 657 7
24 661 14
24 664 1
24 728 84
24 743 44
24 782 19
24 865 68
24 980 26
24 1058 100
24 1074 75
24 1154 38
24 1166 99
24 1239 81
24 1265 54
24 1303 53
24 1321 41
24 1330 74
24 1357 1
24 1394 1
24 1485 73
25 37 58
25 38 95
25 51 97
25 52 95
25 74 24
25 95 51
25 151 92
25 156 80
25 212 55
25 251 27
25 252 37
25 287 27
25 288 55
25 354 84
25 440 85
25 463 98
25 492 16
25 494 94
25 552 25
25 562 25
25 639 64
25 648 86
25 721 91
25 738 94
25 740 4
25 837 83
25 862 48
25 872 99
25 943 4
25 978 59
25 992 50
25 1278 52
25 1327 35
26 54 83
26 68 9
26 91 47
26 120 74
26 135 74
26 163 62
26 188 58
26 230 34
26 308 12
26 314 22
26 335 59
26 367 52
26 409 60
26 412 28
26 469 30
26 520 82
26 578 83
26 608 86
26 658 47
26 672 90
26 786 7
26 789 63
26 860 87
26 962 8
26 1015 81
26 1108 69
26 1488 56
27 29 92
27 40 20
27 42 36
27 43 1
27 47 14
27 51 64
27 96 69
27 112 50
27 207 77
27 232 71
27 235 1
27 319 59
27 320 93
27 322 52
27 386 82
27 439 54
27 445 43
27 529 83
27 534 91
27 537 15
27 547 20
27 577 10
27 602 32
27 615 24
27 659 46
27 676 7
27 689 5
27 708 21
27 721 54
27 723 70
27 772 46
27 897 69
27 927 2
27 997 86
27 1065 92
27 1070 60
27 1160 66
27 1171 32
27 1193 71
27 1325 71
27 1423 18
27 1491 13
28 29 68
28 51 4
28 72 57
28 79 53
28 227 93
28 252 13
28 254 49
28 295 96
28 337 9
28 452 23
28 635 43
28 709 3
28 798 72
28 814 76
28 822 14
28 839 20
28 868 93
28 869 52
28 1013 24
28 1014 24
28 1058 23
28 1071 79
28 1103 28
28 1275 10
28 1366 21
29 33 81
29 38 95
29 42 57
29 47 56
29 65 81
29 79 64
29 104 94
29 152 26
29 201 71
29 215 15
29 219 71
29 229 91
29 249 21
29 296 24
29 335 92
29 346 47
29 369 32
29 386 95
29 427 17
29 448 24
29 453 56
29 460 10
29 467 23
29 550 53
29 557 17
29 637 3
29 648 69
29 678 80
29 684 8
29 902 13
29 903 94
29 939 61
29 1150 70
29 1255 63
29 1437 91
30 76 29
30 84 26
30 139 74
30 176 69
30 178 34
30 196 28
30 223 98
30 281 95
30 324 28
30 399 39
30 445 43
30 464 12
30 548 85
30 565 14
30 586 98
30 607 34
30 639 99
30 777 6
30 791 27
30 793 32
30 851 93
30 871 54
30 957 77
30 972 87
30 975 69
30 1061 100
30 1146 14
30 1420 25
31 33 100
31 44 29
31 106 9
31 119 9
31 145 93
31 157 36
31 159 23
31 224 54
31 276 66
31 279 98
31 286 90
31 379 95
31 405 48
31 417 78
31 439 37
31 565 86
31 592 61
31 594 5
31 638 63
31 704 44
31 745 35
31 762 53
31 987 67
31 1043 55
31 1094 17
31 1122 94
31 1339 46
31 1351 36
31 1403 77
31 1470 11
32 37 64
32 39 68
32 57 63
32 129 23
32 175 73
32 215 54
32 229 31
32 236 62
32 254 8
32 272 74
32 310 6
32 364 86
32 391 60
32 477 58
32 800 55
32 892 20
32 923 69
32 926 65
32 1464 43
32 1480 90
33 57 6
33 115 2
33 164 80
33 474 42
33 483 2
33 526 31
33 831 48
33 1195 43
34 68 76
34 103 96
34 105 25
34 122 98
34 140 27
34 152 2
34 165 21
34 225 28
34 245 68
34 246 27
34 259 53
34 270 96
34 291 34
34 307 21
34 361 75
34 444 8
34 468 30
34 523 96
34 533 42
34 591 65
34 669 77
34 698 21
34 803 31
34 862 89
34 920 45
34 939 13
34 1221 9
34 1341 59
34 1398 87
34 1414 25
34 1475 52
35 36 45
35 42 26
35 46 49
35 62 96
35 65 60
35 69 93
35 100 15
35 153 36
35 156 6
35 160 37
35 163 86
35 188 55
35 214 25
35 220 44
35 221 92
35 224 60
35 261 31
35 266 79
35 277 78
35 296 91
35 298 93
35 317 61
35 396 66
35 414 86
35 472 69
35 480 49
35 544 16
35 567 81
35 570 23
35 633 79
35 639 82
35 688 3
35 738 45
35 768 10
35 827 29
35 830 27
35 835 26
35 876 5
35 892 86
35 940 31
35 946 75
35 966 71
35 991 57
35 992 15
35 1015 35
35 1092 70
35 1136 64
35 1183 9
35 1186 12
35 1261 6
35 1298 96
35 1334 34
35 1375 59
35 1378 93
35 1388 56
36 66 19
36 121 51
36 157 74
36 533 56
36 810 63
36 827 51
36 839 6
36 950 84
36 1114 40
37 67 9
37 241 90
37 313 7
37 355 29
37 829 28
37 1465 69
38 75 68
38 149 23
38 168 14
38 219 9
38 239 46
38 411 20
38 455 82
38 493 38
38 505 99
38 520 95
38 722 44
38 777 86
38 1037 72
38 1359 51
39 41 97
39 111 92
39 134 65
39 136 23
39 265 26
39 364 19
39 371 52
39 407 97
39 629 9
39 714 99
39 920 17
39 962 59
39 1051 37
39 1295 96
40 95 81
40 205 36
40 206 94
40 523 23
40 561 94
40 687 32
40 816 15
40 985 60
40 1013 38
40 1165 83
40 1356 86
40 1426 42
41 53 81
41 59 60
41 72 85
41 76 63
41 83 7
41 85 8
41 114 28
41 141 77
41 154 7
41 391 3
41 424 81
41 433 73
41 532 44
41 581 53
41 601 15
41 638 18
41 663 48
41 698 63
41 819 90
41 826 39
41 850 26
41 884 20
41 1223 50
41 1370 30
41 1371 9
41 1398 17
41 1471 77
42 108 25
42 144 26
42 339 22
42 414 78
42 560 55
42 588 7
42 746 85
42 831 50
42 835 45
42 1007 94
42 1020 87
42 1121 54
42 1192 21
42 1230 13
42 1340 36
42 1377 48
42 1424 15
43 49 66
43 60 69
43 73 88
43 78 62
43 99 75
43 110 38
43 117 12
43 158 82
43 192 17
43 241 8
43 279 6
43 280 5
43 347 21
43 377 22
43 382 82
43 383 5
43 524 13
43 596 87
43 758 94
43 1218 60
43 1248 91
43 1337 67
43 1470 75
43 1497 86
44 104 35
44 257 9
44 306 45
44 359 78
44 885 44
44 1412 89
45 71 28
45 103 21
45 133 7
45 263 84
45 578 64
45 1430 86
46 60 65
46 247 13
46 340 67
46 383 13
46 578 31
46 608 47
46 1018 43
46 1083 95
48 56 51
48 57 68
48 68 20
48 83 58
48 95 20
48 136 49
48 149 41
48 154 71
48 228 53
48 281 70
48 418 78
48 463 27
48 506 66
48 543 100
48 625 43
48 628 8
48 644 40
48 680 86
48 701 67
48 797 97
48 843 11
48 844 54
48 914 87
48 932 21
48 951 23
48 976 100
48 1009 74
48 1160 12
48 1283 90
48 1368 56
48 1371 89
48 1410 92
48 1440 29
49 74 47
49 150 50
49 240 22
49 253 78
49 375 42
49 492 66
49 649 54
49 688 24
49 711 12
49 797 48
49 905 78
49 1028 68
49 1072 62
49 1241 59
49 1411 88
50 58 29
50 94 92
50 173 1
50 217 75
50 474 11
51 81 1
51 175 69
51 343 68
51 344 16
51 378 42
51 749 61
51 801 19
51 807 26
51 841 61
51 1411 53
51 1459 68
52 61 88
52 104 68
52 173 53
52 282 26
52 365 89
52 409 34
52 465 100
52 501 42
52 610 54
52 970 69
52 1248 48
52 1463 76
53 96 77
53 610 60
53 621 90
54 73 26
54 231 33
54 406 7
54 918 84
54 1062 68
54 1151 28
54 1215 80
54 1295 81
54 1481 22
55 128 36
55 202 76
55 250 45
55 280 36
55 349 30
55 496 69
55 879 29
55 894 25
55 1005 49
55 1375 13
55 1381 73
56 217 50
56 415 40
56 572 32
56 603 36
56 741 44
56 824 29
56 955 6
56 1094 99
56 1135 69
56 1495 22
57 62 18
57 82 59
57 125 48
57 218 49
57 313 23
57 341 53
57 344 21
57 390 4
57 1198 99
57 1267 52
57 1320 13
57 1345 79
57 1407 19
57 1410 65
58 64 51
58 146 85
58 169 30
58 183 93
58 218 10
58 222 37
58 226 13
58 262 29
58 296 62
58 357 32
58 421 34
58 600 62
58 619 12
58 999 22
58 1100 87
58 1125 34
58 1397 53
58 1401 1
58 1431 29
58 1467 43
59 89 72
59 234 35
59 304 58
59 318 18
59 375 37
59 534 54
59 563 80
59 718 10
59 788 54
59 865 91
59 953 2
59 1029 31
59 1095 86
59 1140 85
59 1315 63
59 1319 30
59 1326 83
59 1336 71
60 197 68
60 247 33
60 311 43
60 324 45
60 360 84
60 378 7
60 426 73
60 585 9
60 626 19
60 755 28
60 959 93
60 983 48
60 1218 1
60 1367 20
61 396 60
61 769 45
61 1070 53
61 1078 77
62 232 19
62 355 41
62 389 41
62 458 31
62 1237 47
63 64 22
63 226 58
63 479 99
63 536 96
63 1346 99
63 1382 55
64 87 45
64 134 13
64 217 4
64 305 13
64 425 61
64 473 66
64 511 9
64 645 12
64 687 51
64 801 73
64 941 96
64 1041 53
65 75 94
65 86 71
65 91 34
65 103 79
65 111 96
65 117 78
65 153 85
65 227 45
65 266 45
65 299 71
65 303 68
65 327 39
65 342 82
65 386 12
65 408 12
65 416 27
65 427 89
65 456 72
65 457 35
65 479 25
65 536 14
65 597 40
65 631 76
65 674 50
65 695 86
65 739 65
65 811 72
65 828 32
65 917 25
65 922 62
65 978 55
65 980 69
65 1087 59
65 1104 4
65 1131 70
65 1254 92
66 673 48
66 757 41
68 106 99
68 113 94
68 753 74
68 783 47
68 886 87
68 1369 89
69 300 22
69 350 30
69 429 78
69 468 17
69 584 36
69 605 3
69 689 97
69 853 9
69 892 31
69 1143 6
69 1191 37
70 143 29
70 451 77
70 596 94
70 614 19
70 1154 96
70 1377 47
71 278 1
71 344 13
71 346 17
71 351 71
71 774 26
71 860 23
71 1211 41
72 653 60
72 937 67
73 91 64
73 136 83
73 145 44
73 151 23
73 176 56
73 182 86
73 270 27
73 369 22
73 434 36
73 477 39
73 625 2
73 676 92
73 706 45
73 771 86
73 779 65
73 790 94
73 1074 5
73 1090 19
73 1096 95
73 1272 12
73 1299 72
73 1311 41
73 1483 59
74 77 33
74 97 62
74 139 47
74 193 55
74 208 77
74 384 83
74 590 85
74 684 16
74 921 3
74 1030 90
74 1054 56
74 1072 94
74 1103 14
74 1112 20
74 1247 64
74 1298 35
74 1380 87
75 388 68
75 423 33
75 1265 52
76 123 90
76 147 81
76 889 95
76 1062 88
76 1409 99
77 88 81
77 101 48
77 180 19
77 223 73
77 367 24
77 424 24
77 544 13
77 547 42
77 609 53
77 624 37
77 629 84
77 630 1
77 646 81
77 717 72
77 868 87
77 878 74
77 893 21
77 910 91
77 1174 20
78 465 22
78 582 79
79 89 11
79 94 36
79 256 57
79 312 7
79 340 85
79 419 95
79 565 48
79 1106 92
79 1210 78
80 112 17
80 170 21
80 189 8
80 206 17
80 267 98
80 401 31
80 510 78
80 557 80
80 646 36
80 901 55
80 1082 9
80 1320 75
80 1358 37
80 1406 37
80 1460 47
80 1468 49
80 1498 45
81 85 14
81 112 35
81 120 56
81 170 32
81 190 9
81 205 84
81 209 37
81 281 56
81 317 16
81 497 33
81 580 37
81 708 27
81 747 84
81 818 78
81 857 67
81 858 52
81 887 35
81 1060 63
81 1130 83
81 1134 95
81 1137 63
81 1147 50
82 107 19
82 471 13
82 591 12
82 665 95
82 738 53
82 873 50
82 1019 3
82 1097 37
83 109 50
83 211 17
83 245 11
83 312 53
83 498 51
83 538 69
83 781 9
83 1055 12
84 108 47
84 198 80
84 329 75
84 376 91
84 392 54
84 442 87
84 521 31
84 542 42
84 843 68
84 849 8
85 129 54
85 150 1
85 158 25
85 210 33
85 216 95
85 612 23
85 613 8
86 102 60
86 109 91
86 127 71
86 174 71
86 238 72
86 257 46
86 305 82
86 419 95
86 478 39
86 668 75
86 671 22
86 759 53
86 903 14
86 1065 35
86 1296 19
86 1299 17
86 1354 93
86 1359 74
86 1370 81
86 1400 68
87 125 1
87 188 81
87 288 28
87 343 98
87 390 5
87 611 13
87 686 80
87 947 7
88 93 14
88 110 67
88 133 76
88 244 34
88 277 7
88 332 69
88 539 51
88 570 34
88 587 28
88 698 46
88 735 66
88 747 73
88 830 59
88 851 65
89 297 71
89 416 89
89 498 77
89 1493 6
90 626 43
91 108 26
91 191 23
91 233 30
91 268 98
91 273 89
91 275 88
91 294 46
91 346 24
91 352 4
91 373 51
91 428 43
91 847 10
91 882 19
91 945 78
91 968 95
91 1034 44
91 1091 32
91 1216 36
91 1246 96
91 1327 28
91 1401 32
91 1455 17
92 138 30
92 243 71
92 261 44
92 417 18
92 418 35
92 456 48
92 549 70
92 574 94
92 601 77
92 779 71
92 941 41
92 1100 36
92 1405 34
92 1461 67
93 141 59
93 270 38
93 310 53
93 417 61
93 491 82
93 675 85
93 910 54
93 1373 71
93 1459 95
93 1462 7
94 101 36
94 127 86
94 142 89
94 162 19
94 164 30
94 228 96
94 234 93
94 358 20
94 425 24
94 466 65
94 490 29
94 560 56
94 677 79
94 681 6
94 790 33
94 1080 19
94 1331 32
94 1476 55
95 159 68
95 172 81
95 482 15
95 643 40
95 1177 58
95 1187 63
95 1439 38
96 366 40
96 531 96
96 599 2
96 718 58
96 719 53
96 852 24
96 933 82
96 1005 84
96 1357 99
97 165 29
97 176 84
97 230 77
97 369 99
97 822 81
97 973 77
97 1069 89
98 201 44
98 237 81
98 285 90
98 287 96
98 389 39
98 422 17
98 453 9
98 481 67
98 580 25
98 990 77
98 1155 40
99 181 79
99 259 84
100 365 20
100 432 71
100 488 27
100 607 81
101 138 10
101 209 1
101 233 35
101 252 84
101 395 23
101 451 70
101 593 20
101 735 83
101 922 37
101 1362 24
102 179 96
102 442 7
102 640 8
102 780 24
102 887 13
102 1024 75
102 1204 51
102 1239 68
103 114 59
103 306 80
103 319 26
103 1002 22
103 1098 87
104 169 23
104 327 72
104 454 10
104 478 55
104 1158 57
104 1234 51
104 1307 87
104 1478 24
105 123 77
105 185 24
105 350 93
105 388 98
105 404 98
105 434 66
105 473 92
105 579 80
105 589 13
105 595 51
105 727 17
105 749 59
105 874 70
105 880 33
105 944 46
105 973 15
105 1168 16
105 1189 44
105 1210 77
105 1236 4
105 1240 13
105 1257 99
105 1304 10
105 1406 38
105 1454 33
105 1475 82
105 1483 98
106 122 60
106 183 91
106 202 87
106 275 36
106 314 58
106 349 98
106 440 46
106 454 41
106 460 30
106 553 32
106 627 62
106 743 33
106 866 19
106 894 22
106 1034 79
106 1173 40
106 1281 7
106 1453 19
107 143 92
107 258 38
107 310 42
107 897 51
107 931 25
107 1013 19
107 1245 93
107 1256 85
108 119 72
108 130 50
108 189 83
108 814 89
108 1139 38
108 1234 21
109 138 80
109 712 86
109 1325 3
109 1405 71
109 1431 64
110 111 60
110 161 78
110 192 86
110 272 40
110 385 98
110 394 95
110 404 35
110 478 48
110 514 99
110 587 40
110 655 91
110 727 68
110 879 15
110 905 20
110 936 95
110 1052 27
110 1074 13
110 1201 51
112 132 52
112 146 37
112 166 54
112 181 72
112 292 43
112 650 61
112 724 68
112 1061 85
112 1356 45
112 1448 50
113 124 21
113 446 20
114 372 22
114 657 36
114 732 52
114 778 52
114 832 78
114 1303 28
114 1413 99
115 437 95
115 502 47
115 606 49
115 881 37
115 966 24
115 1040 80
115 1399 92
115 1487 74
116 139 40
116 246 18
116 249 16
116 291 20
116 307 81
116 357 33
116 382 53
116 544 51
116 609 2
116 635 69
116 692 100
116 710 43
116 755 14
116 840 27
116 965 2
116 987 100
116 1226 51
116 1308 52
116 1311 70
116 1324 45
117 231 65
117 283 65
117 316 90
117 383 67
117 466 4
117 490 18
117 563 11
117 686 19
117 708 59
117 863 45
117 899 4
117 927 36
117 1031 43
117 1358 90
117 1386 22
118 171 10
118 274 77
118 320 98
118 328 67
118 387 76
118 437 25
118 527 75
118 629 10
118 863 69
118 1205 35
118 1271 62
118 1374 44
119 744 33
119 824 23
119 1306 67
120 135 94
120 532 17
120 618 71
120 746 37
120 1301 67
120 1414 42
120 1450 52
121 356 64
121 850 28
122 144 6
122 194 97
122 276 23
122 292 86
122 423 38
122 460 53
122 480 93
122 1220 96
122 1418 11
123 1128 25
123 1249 68
123 1337 23
123 1392 26
124 186 17
124 239 84
124 333 53
124 338 66
124 913 86
124 1194 79
124 1272 50
124 1430 57
125 130 36
125 177 23
125 194 29
125 325 100
125 555 2
125 711 55
125 1069 69
126 184 80
126 309 10
126 353 42
126 411 91
126 549 99
126 564 65
126 642 92
126 919 79
126 1132 67
126 1198 39
126 1426 57
127 465 39
127 571 26
127 825 57
127 992 73
127 1368 75
128 171 71
128 265 82
128 782 48
128 967 12
128 1127 3
129 221 9
129 339 5
129 442 62
129 658 56
129 1280 41
130 231 7
131 394 19
132 148 61
132 190 13
132 200 56
132 260 67
132 283 66
132 301 47
132 319 84
132 371 93
132 420 49
132 444 27
132 449 75
132 515 22
132 655 9
132 665 24
132 751 39
132 756 95
132 836 7
132 1004 50
132 1028 21
132 1195 89
132 1277 70
133 134 37
133 142 42
133 225 76
133 242 21
133 279 77
133 459 67
133 605 63
133 1068 10
133 1172 82
133 1220 67
133 1263 4
133 1270 27
134 243 26
134 377 25
134 1011 32
134 1031 6
135 744 6
135 799 13
135 1307 4
136 207 46
136 227 90
136 282 67
136 472 80
136 480 46
136 806 70
136 901 23
137 155 45
137 299 14
137 509 66
138 166 38
138 323 58
138 661 90
138 904 58
138 984 80
138 1061 13
138 1170 36
138 1216 59
138 1344 92
138 1437 6
139 695 35
139 796 55
140 196 11
140 552 41
140 792 44
140 1021 86
140 1344 3
140 1348 75
141 162 50
141 303 96
141 393 75
141 637 20
141 908 30
141 1007 4
141 1179 99
142 275 57
142 297 42
142 1148 8
142 1444 17
143 611 87
143 1178 75
143 1366 100
144 158 12
144 241 65
144 603 35
144 640 37
144 852 53
144 1207 93
144 1440 45
144 1453 30
145 147 91
146 184 44
146 937 20
146 1197 41
147 530 56
147 690 12
148 875 71
149 153 33
149 634 26
149 921 82
149 1144 29
150 177 89
150 181 43
150 289 30
150 342 47
150 370 43
150 374 60
150 424 28
150 447 29
150 496 74
150 505 16
150 624 63
150 704 73
150 763 53
150 769 42
150 869 34
150 939 53
150 1110 84
150 1130 63
150 1245 54
150 1396 33
150 1447 19
151 340 12
151 374 80
151 642 1
151 843 21
151 1063 77
151 1407 85
152 248 99
152 651 93
152 994 12
153 160 50
153 254 32
153 329 31
153 366 5
153 580 15
153 780 12
153 1045 6
153 1138 33
153 1187 1
153 1472 78
154 361 32
154 410 74
154 1427 61
154 1463 15
155 330 48
155 581 97
155 648 61
155 706 40
155 770 51
155 890 44
155 1002 64
155 1363 98
155 1406 79
156 204 25
156 280 43
156 300 10
156 330 81
156 448 30
156 643 8
156 674 43
156 1162 94
157 677 87
157 1036 22
157 1456 88
158 246 7
158 253 36
159 405 98
159 506 84
159 685 37
159 883 79
159 1387 34
160 278 10
160 438 94
160 538 28
160 853 94
160 888 3
161 212 96
161 373 2
161 469 20
161 1159 33
161 1243 51
162 354 10
162 475 60
162 1208 77
162 1249 18
163 197 77
163 205 31
163 588 50
164 410 21
164 513 79
164 521 34
164 713 19
164 850 77
164 1124 12
164 1427 79
165 507 71
165 703 60
165 955 16
165 1105 27
166 240 51
166 393 80
166 415 80
166 722 38
166 816 63
166 888 45
167 315 70
167 429 11
167 1057 72
167 1498 20
168 216 77
168 504 43
168 770 79
169 513 88
169 662 31
169 907 47
169 1017 88
169 1343 45
170 190 69
170 220 45
170 623 7
171 195 77
171 212 100
171 213 45
171 244 56
171 251 33
171 323 27
171 352 39
171 359 50
171 473 75
171 499 96
171 522 53
171 555 14
171 633 7
171 845 71
171 1286 12
171 1363 35
171 1390 85
172 234 19
172 262 37
172 506 93
172 577 82
172 1138 30
172 1364 62
172 1409 23
173 204 76
173 1181 30
173 1316 83
174 200 94
174 258 51
174 426 16
174 547 99
174 867 98
174 1244 30
175 288 94
175 428 8
175 527 99
176 569 98
176 582 62
176 906 9
176 1073 3
177 195 80
177 271 76
177 669 76
177 827 3
177 1066 52
177 1113 54
178 786 97
178 958 32
178 1121 1
178 1310 38
178 1350 62
179 180 77
179 305 12
179 682 29
179 855 52
179 952 22
179 1196 46
181 186 4
181 198 59
181 208 72
181 632 5
181 725 1
181 971 71
182 222 87
182 462 15
182 488 65
182 546 97
182 617 71
182 1025 83
183 408 79
183 455 90
183 945 77
183 1232 90
184 210 24
184 301 38
184 413 59
184 535 36
184 545 76
184 614 55
184 617 52
184 758 8
184 964 88
184 1435 5
185 291 53
185 446 79
185 483 94
185 569 48
185 785 50
185 895 1
185 1025 36
185 1053 92
186 302 30
186 426 66
186 611 7
186 702 3
186 1042 46
187 263 18
188 432 14
188 787 64
188 1001 20
188 1315 89
189 271 55
189 1023 46
190 213 73
190 250 56
190 412 51
190 449 41
190 745 61
190 821 59
191 431 38
191 773 40
191 1036 98
192 318 40
192 397 54
192 519 61
192 566 87
192 1156 36
192 1309 94
192 1348 44
193 269 73
193 909 99
193 1039 35
194 936 63
195 299 42
195 482 75
195 485 23
195 1102 17
195 1345 4
196 204 3
196 210 62
196 226 80
196 351 4
196 354 76
196 362 8
196 377 27
196 522 88
196 573 33
196 675 13
196 1083 64
196 1177 55
196 1184 63
197 242 61
197 339 26
197 376 76
197 666 78
197 680 26
197 681 73
197 684 72
197 691 46
197 783 21
197 844 68
197 996 30
197 1115 84
198 459 47
198 559 71
198 679 95
198 732 1
198 818 10
198 989 99
198 1349 56
199 220 10
199 832 5
200 250 17
200 400 75
200 510 65
200 852 49
200 1035 43
200 1162 51
200 1263 47
200 1333 57
200 1468 39
201 264 68
201 269 41
201 414 60
201 421 66
201 457 30
201 495 11
201 683 54
201 760 55
201 956 67
201 1056 13
201 1209 46
201 1262 21
201 1390 61
202 235 46
202 249 64
202 685 33
202 1095 47
202 1103 47
202 1165 97
202 1183 18
202 1428 83
203 238 56
203 338 70
203 528 47
203 683 6
203 686 47
203 916 78
203 1293 91
203 1312 92
203 1409 71
203 1462 42
204 294 49
204 334 76
204 445 34
204 732 99
204 753 29
204 1377 98
204 1384 32
205 223 86
205 251 68
205 283 13
205 292 67
205 742 30
205 841 21
205 996 77
205 1122 59
205 1144 76
205 1383 59
206 401 39
206 822 65
206 1132 21
207 264 40
207 595 23
207 615 47
208 273 87
208 353 56
208 443 40
208 856 41
208 962 48
209 604 47
209 917 39
210 214 19
210 262 63
210 410 60
210 452 81
210 567 24
210 1297 16
211 237 1
211 247 52
211 823 8
211 1055 28
212 380 73
212 513 7
212 693 76
212 700 38
212 754 62
213 1439 49
214 631 35
214 699 34
214 720 23
214 935 94
214 1335 66
216 784 47
216 1146 68
216 1259 30
216 1453 20
217 581 100
217 622 90
217 634 39
217 830 97
218 441 10
218 481 25
218 858 15
218 893 82
218 1164 74
219 912 1
220 328 68
220 448 58
220 821 15
221 379 4
221 381 44
221 406 98
221 773 16
221 1080 44
221 1266 24
221 1289 56
221 1442 22
222 229 46
222 458 47
222 470 85
222 517 68
222 646 24
222 776 16
222 902 44
222 1020 12
222 1375 79
222 1478 30
223 244 47
223 389 10
223 400 85
223 811 33
223 878 30
223 900 22
223 1274 33
224 707 53
224 1010 10
224 1243 9
225 238 28
225 248 33
225 268 52
225 289 19
225 362 32
225 616 73
225 765 99
225 823 73
225 926 6
225 1092 62
225 1149 1
225 1202 98
225 1436 47
225 1495 4
226 395 10
226 1154 57
227 1273 51
227 1358 79
227 1429 92
227 1481 60
228 372 75
228 558 15
228 1044 55
228 1139 86
229 331 82
229 373 18
229 773 2
229 1421 58
230 422 13
230 519 93
230 576 53
230 579 64
230 728 70
230 1162 19
231 464 31
231 561 61
231 668 52
231 789 3
231 1311 52
232 867 57
232 949 95
232 1434 5
233 443 33
233 697 71
233 701 14
233 901 44
234 696 78
234 825 89
234 896 40
235 255 80
235 943 71
236 347 22
236 593 27
236 657 29
236 700 76
236 750 66
236 1436 45
237 510 8
237 1009 84
237 1259 18
237 1301 16
238 240 50
238 873 43
238 1329 41
239 621 71
240 282 12
240 314 6
240 380 38
240 597 43
240 675 25
240 831 9
240 1260 7
241 256 47
241 308 57
241 387 37
242 316 3
242 1467 93
243 332 23
243 406 90
243 700 29
243 1119 67
243 1369 4
243 1447 12
244 326 25
244 382 93
244 435 56
244 583 51
244 602 30
244 671 18
244 772 56
244 1481 27
245 360 94
245 728 56
245 1063 27
246 267 59
246 405 72
246 529 21
246 538 91
246 572 99
246 598 8
246 628 12
246 916 62
246 1492 80
247 556 60
247 794 62
247 1151 32
248 563 47
248 595 28
248 877 71
248 973 62
248 1023 100
249 265 75
249 297 34
249 492 44
249 842 65
249 959 1
249 989 65
249 1385 65
249 1461 34
250 519 94
250 956 50
251 848 57
252 300 9
252 338 83
252 363 68
252 435 34
252 694 37
252 1087 4
252 1142 31
253 984 46
254 584 95
254 620 93
254 855 77
254 883 94
254 911 39
254 1039 27
254 1046 42
254 1250 52
254 1275 24
254 1465 72
254 1486 43
255 311 63
255 720 33
255 1464 12
256 348 39
256 946 67
256 1000 37
257 956 15
258 334 60
258 652 51
258 682 18
258 695 89
258 740 55
258 811 75
258 862 39
258 1168 23
258 1312 23
258 1412 84
259 326 62
259 443 63
259 464 56
259 603 94
259 817 78
260 418 36
260 487 71
260 651 9
260 652 16
260 692 59
260 712 8
260 788 1
260 1328 16
260 1340 61
261 476 77
261 983 98
261 1285 68
261 1449 99
261 1497 38
262 323 37
262 809 74
262 1395 39
263 322 64
263 331 80
263 368 33
263 596 25
264 348 73
264 514 59
264 600 79
264 804 11
264 1433 98
265 321 39
265 958 9
266 582 95
266 1243 80
267 755 53
267 1059 19
267 1276 12
268 539 90
268 641 4
268 709 1
268 879 68
268 1021 42
268 1047 58
268 1137 51
269 476 14
269 517 30
269 736 14
269 764 2
269 837 46
269 898 34
270 551 18
270 933 38
271 322 23
271 334 91
271 431 49
271 500 22
271 515 64
271 758 22
271 877 39
271 941 90
271 1097 35
272 558 37
272 875 31
273 864 70
273 1487 92
274 1014 34
275 495 57
275 548 26
276 302 88
276 345 82
276 925 83
276 1110 96
276 1300 14
276 1349 4
277 433 67
277 511 38
277 721 75
277 792 7
277 1129 65
277 1431 83
278 284 40
278 715 78
278 1242 91
279 403 31
279 1382 12
280 741 33
280 968 5
280 985 12
280 1014 63
280 1155 50
280 1346 11
281 653 76
281 685 90
281 812 30
281 935 75
281 1077 44
281 1129 100
281 1192 15
281 1327 13
282 641 51
282 833 62
283 895 90
283 1114 18
283 1213 11
283 1344 94
284 512 66
284 789 86
284 870 67
284 926 79
284 1369 29
286 317 82
286 379 20
286 834 82
286 1252 86
287 486 82
289 303 54
289 482 55
289 659 22
289 859 24
289 969 12
289 1115 51
289 1117 34
289 1175 40
289 1199 40
289 1230 29
290 930 42
290 1050 6
290 1163 94
290 1196 46
290 1430 14
291 746 95
291 1111 94
291 1136 34
291 1227 67
294 331 58
294 437 53
294 470 6
294 849 59
294 857 69
294 1111 58
295 342 13
295 459 43
295 508 19
295 554 92
295 1125 87
295 1219 72
295 1287 2
295 1318 61
296 345 47
296 461 59
296 532 75
296 696 30
296 784 53
296 1128 61
297 499 28
297 929 21
298 917 5
298 1036 98
298 1454 67
299 438 95
299 726 32
299 886 51
300 333 63
300 345 58
300 398 27
301 357 49
301 776 13
301 913 33
301 1332 94
302 316 80
302 670 4
302 766 55
302 1141 39
302 1482 85
302 1488 58
304 376 15
304 507 92
304 667 76
304 846 23
304 991 17
304 1090 47
305 982 34
305 1342 29
305 1387 63
306 378 16
306 571 92
307 961 38
308 398 28
308 529 33
308 803 85
309 564 98
309 568 43
309 1221 57
309 1451 85
310 361 12
310 447 41
310 553 12
310 627 49
310 660 22
310 718 95
310 930 16
310 1012 58
310 1048 25
310 1235 75
310 1394 47
310 1465 58
311 466 14
311 1007 3
311 1177 73
311 1268 75
311 1302 10
312 766 86
312 1027 7
312 1042 38
313 394 57
313 495 71
313 689 33
313 1193 68
313 1238 29
314 861 44
314 1116 91
314 1263 95
314 1495 23
315 327 95
315 425 69
315 522 98
315 644 56
315 690 33
315 761 5
316 1169 1
316 1275 79
316 1404 78
317 401 70
317 665 24
317 737 84
317 974 30
317 1182 23
317 1279 90
318 352 68
318 676 38
318 713 18
319 658 33
319 804 88
320 589 30
320 794 36
320 1364 31
320 1485 87
321 815 82
321 1417 6
322 366 11
322 435 51
322 568 2
322 704 30
322 1153 92
323 413 68
323 430 66
324 439 5
324 1173 9
325 336 62
325 972 91
325 1171 59
325 1193 72
327 854 46
328 796 95
329 764 14
329 906 84
329 953 84
329 1123 52
329 1328 3
330 484 88
331 392 79
331 396 10
331 677 56
331 697 56
331 820 5
331 886 25
331 988 41
331 1000 62
331 1114 59
331 1135 79
331 1224 11
331 1338 44
331 1392 96
331 1428 46
332 402 22
332 575 60
332 666 91
332 800 1
333 462 36
333 795 70
333 1119 96
333 1313 24
334 530 5
334 1079 1
335 368 80
335 970 77
335 1064 24
335 1486 12
336 456 71
336 765 37
336 898 63
336 1197 51
337 407 36
337 979 70
338 353 64
338 660 6
338 682 1
338 851 43
338 1030 20
338 1031 57
338 1093 72
340 428 24
340 707 15
340 885 84
341 450 72
341 1094 21
341 1120 86
342 436 68
342 987 2
342 1264 19
343 385 55
343 484 68
343 753 56
343 1284 14
343 1424 52
343 1445 100
344 347 8
345 467 80
346 1106 6
347 490 9
347 572 41
348 363 34
348 402 32
348 552 42
348 725 43
348 751 72
348 981 10
348 1132 48
348 1167 62
348 1179 78
348 1427 34
349 573 93
351 498 98
351 733 10
351 915 43
351 1010 72
351 1073 77
353 654 45
353 881 82
353 1035 46
353 1109 3
353 1343 25
354 1472 49
355 568 26
356 1438 90
357 358 66
357 913 72
358 431 28
358 1021 60
358 1189 9
359 642 37
359 761 89
359 796 24
359 798 51
359 997 68
360 493 88
360 1018 25
360 1097 96
361 475 21
362 371 26
362 649 6
362 883 57
364 430 38
364 494 45
364 784 2
365 422 83
365 612 61
366 942 9
367 1049 6
370 403 19
370 411 63
370 461 63
370 545 83
371 416 19
371 636 3
371 703 11
371 816 86
371 821 9
371 998 8
371 1153 23
371 1410 17
371 1496 18
372 576 20
372 652 94
372 1217 14
372 1254 49
372 1334 58
373 531 14
373 1096 90
374 908 85
374 1050 36
375 630 70
375 1006 93
375 1133 29
376 419 20
377 669 40
379 945 39
380 554 37
380 566 83
380 1084 88
381 391 90
381 486 99
381 520 11
381 872 97
382 693 95
382 1395 52
384 483 51
384 709 74
384 1071 74
384 1326 8
385 392 49
385 878 9
385 1333 24
385 1482 16
386 731 12
387 388 26
387 436 91
387 454 100
387 838 37
387 871 44
387 1161 4
387 1313 66
387 1484 57
388 1029 1
389 567 57
390 769 17
390 1180 77
391 613 35
391 664 80
391 760 72
392 404 92
392 485 53
392 564 51
392 638 75
392 680 18
392 754 49
392 1204 42
392 1253 2
393 702 98
393 839 75
393 1053 83
393 1081 83
393 1319 33
395 447 5
396 625 77
396 840 44
396 1190 57
397 1212 55
399 479 32
399 950 5
399 1054 52
399 1485 72
400 1298 61
401 1378 95
401 1454 32
402 991 58
402 1425 3
403 598 41
404 690 65
404 711 29
404 754 20
404 770 65
404 1374 27
405 475 91
405 1134 52
407 1353 40
408 559 84
408 649 26
408 666 13
408 797 58
408 856 5
408 990 47
409 450 47
409 733 86
410 774 84
411 436 3
411 636 84
411 672 57
411 1181 32
411 1496 85
412 1085 55
412 1392 70
412 1466 36
414 861 76
414 880 40
414 1206 18
415 1244 64
416 662 94
416 742 41
416 1264 84
416 1338 54
416 1353 33
417 594 31
417 734 26
417 1242 79
419 433 80
419 859 5
422 1159 62
424 1462 64
425 912 27
425 1150 19
426 432 44
426 783 32
426 971 91
426 981 6
426 1203 82
426 1457 45
427 481 39
427 497 33
427 539 86
427 604 80
427 737 44
427 791 46
427 1245 31
427 1255 71
428 471 82
429 491 50
429 705 95
429 792 40
431 848 77
432 1090 30
433 556 59
433 736 74
433 869 70
433 1119 74
434 1233 78
435 817 23
435 931 64
435 1102 68
435 1174 61
435 1403 59
436 444 35
438 487 17
438 571 30
438 592 88
438 1215 24
438 1251 30
439 558 17
439 767 85
439 1117 77
440 576 2
440 864 24
440 1181 36
441 553 53
441 1165 5
441 1203 69
441 1472 3
442 504 6
443 512 41
443 1035 33
443 1231 50
444 583 47
444 724 73
444 1422 6
445 775 35
446 815 21
446 982 8
446 1439 38
447 1251 77
448 562 38
448 1026 16
449 602 21
449 834 96
449 1082 60
449 1147 44
450 904 15
450 1219 70
451 476 1
451 655 88
451 726 1
452 661 71
452 730 84
452 1312 41
453 723 61
453 984 2
453 1198 93
454 979 86
455 1499 84
456 622 66
456 1226 79
456 1413 38
457 854 46
457 1241 82
458 768 16
458 808 79
458 1015 75
458 1067 91
458 1202 41
458 1319 21
459 1438 22
460 518 10
460 624 28
460 949 37
461 1378 33
462 819 64
464 692 25
464 1281 20
464 1450 60
465 1421 70
466 526 48
466 549 28
467 645 40
467 1255 7
468 503 82
469 484 6
469 615 37
470 509 68
470 583 29
470 737 89
470 751 70
470 953 25
470 1213 68
471 542 43
471 1002 8
471 1063 71
471 1065 58
471 1268 48
471 1480 38
472 509 79
472 714 18
472 786 73
472 832 87
472 960 54
472 978 82
473 795 100
473 918 43
474 667 11
475 957 91
475 1211 48
475 1292 88
475 1441 97
476 1089 71
477 1330 72
479 965 16
479 1005 56
480 951 61
481 493 62
481 537 39
481 691 69
481 739 58
481 743 90
481 972 44
481 1048 4
481 1402 11
482 590 57
482 759 100
482 916 81
482 1130 37
483 523 37
483 976 72
483 1204 4
483 1376 59
484 662 25
484 1229 33
485 518 23
485 551 59
485 1120 39
486 612 93
486 670 19
486 750 33
486 1009 100
487 1012 39
488 619 58
488 958 56
488 1093 22
489 1208 63
492 842 98
492 928 39
492 1125 21
493 1079 79
493 1116 13
494 643 14
494 1004 24
494 1458 85
495 1270 27
495 1346 17
496 1167 96
496 1260 30
498 524 62
498 785 71
498 1257 24
498 1258 49
498 1469 5
499 1199 48
500 678 10
500 828 35
503 556 57
504 1489 1
505 656 9
505 716 9
505 905 21
505 1016 55
505 1213 73
505 1304 67
506 1470 58
508 591 23
508 872 92
508 1360 10
509 517 85
509 590 57
509 736 90
509 787 37
509 1187 14
509 1309 3
509 1380 17
510 1033 29
510 1336 11
512 535 90
512 1105 98
512 1404 26
515 516 26
515 813 94
515 1297 51
515 1310 18
515 1316 29
516 548 58
517 706 14
517 768 5
518 787 91
518 1164 88
519 1047 6
519 1262 28
520 613 17
520 763 95
520 860 1
521 681 73
521 915 25
522 986 76
522 1373 83
523 585 54
523 1098 13
523 1271 25
523 1321 18
523 1341 92
523 1493 67
524 560 59
524 566 34
524 744 84
524 867 73
524 919 90
524 1043 82
525 632 44
525 866 100
525 1030 38
526 1088 44
526 1370 30
526 1493 14
529 824 30
529 936 25
530 651 18
530 767 64
530 1040 86
530 1131 50
530 1290 49
531 727 77
531 1317 40
532 800 86
532 1376 69
533 546 32
533 778 57
534 888 52
534 1191 7
536 808 50
536 836 64
536 1040 25
536 1309 15
537 911 42
537 1038 62
537 1196 8
537 1271 23
538 616 30
538 801 79
538 897 17
538 898 36
538 900 82
538 930 60
539 1222 40
539 1452 97
540 641 8
540 1325 70
541 870 1
543 1166 20
544 672 88
544 826 81
545 1335 22
546 589 11
546 722 28
546 834 83
546 924 37
546 1386 83
546 1399 43
547 859 1
547 929 4
550 699 34
550 864 95
550 929 41
550 989 31
550 1289 89
550 1477 84
551 712 23
551 1273 69
551 1380 33
554 874 41
555 802 33
555 1053 21
555 1350 45
556 1076 66
557 818 67
557 1184 62
558 606 25
558 1033 92
558 1077 96
559 1058 90
560 764 79
560 1052 40
560 1056 66
560 1059 88
560 1077 72
560 1280 60
560 1434 72
564 717 3
564 1044 56
564 1066 58
564 1170 75
564 1474 38
566 683 56
566 719 77
566 986 51
566 1314 4
568 762 20
568 780 20
568 1105 85
568 1145 57
568 1379 60
569 634 43
569 806 48
570 995 67
573 1149 95
573 1396 92
574 741 67
575 829 67
575 1267 63
575 1336 81
576 653 98
576 777 14
576 1137 27
576 1252 29
577 735 51
577 1134 18
577 1302 22
578 670 26
578 1429 57
578 1460 30
579 664 79
579 857 29
579 1078 39
580 731 89
580 1012 91
581 947 45
582 826 8
582 1433 38
583 720 60
583 1207 58
583 1228 22
583 1238 8
584 748 60
584 840 85
584 889 25
584 1203 70
584 1331 97
585 1367 39
586 1347 45
589 900 29
589 948 39
589 1001 56
589 1011 75
590 771 73
590 809 60
590 983 24
590 1250 45
591 719 28
592 749 88
593 825 84
593 1163 100
594 1088 91
595 637 4
595 1307 83
596 679 64
596 694 30
596 756 81
596 1116 35
596 1209 100
600 659 72
600 866 37
600 1238 81
600 1294 19
601 740 100
601 1086 46
601 1202 22
601 1334 48
601 1363 9
601 1417 55
601 1418 46
602 1003 87
603 790 85
604 1219 27
608 679 42
608 1108 54
609 1037 33
609 1237 20
610 663 40
610 954 79
611 964 54
613 952 70
614 1124 13
615 988 16
615 1163 73
615 1188 34
615 1272 84
617 702 56
617 1067 29
619 647 89
619 1139 4
619 1217 79
619 1443 96
621 716 10
621 976 68
621 1084 77
621 1237 15
623 635 3
623 846 92
623 1345 43
624 1075 11
624 1379 60
626 805 21
626 880 33
627 903 52
628 808 79
628 1299 50
631 731 49
631 793 73
631 960 40
631 1146 73
631 1393 33
632 779 9
633 759 67
634 1080 67
635 1120 17
636 1033 73
637 882 40
638 1145 61
639 1425 27
640 887 39
641 931 66
641 1184 97
643 1212 93
645 673 40
646 710 18
647 752 38
647 1397 89
647 1475 80
648 807 79
648 899 20
648 1008 27
648 1039 87
648 1376 21
650 798 3
653 760 34
656 836 30
656 1109 52
657 674 60
658 1016 79
658 1222 79
659 1190 83
659 1285 95
660 1310 90
663 1353 39
664 829 19
665 1026 26
666 1241 90
667 1101 27
668 1291 41
670 1387 71
671 1450 22
673 713 5
674 969 72
674 1052 64
675 986 87
675 1024 55
676 776 76
676 804 63
676 846 69
676 966 81
676 1449 85
677 947 37
678 812 17
679 809 68
679 1232 95
679 1391 75
681 1332 53
681 1436 73
682 1133 89
682 1328 10
682 1386 11
684 716 97
684 739 55
687 977 35
687 1048 29
687 1257 52
690 1049 47
692 1221 51
694 896 2
696 848 30
699 863 97
699 921 50
699 1141 84
700 861 88
701 1296 75
702 874 50
702 1242 77
702 1473 71
703 1022 16
703 1086 74
704 994 43
704 1079 87
706 805 97
706 1086 83
708 835 4
708 999 78
710 1037 94
711 906 99
711 1456 88
712 1441 39
715 1011 62
716 1060 58
717 763 34
718 745 83
718 795 16
718 974 48
718 1038 91
719 1000 54
720 1337 80
720 1425 6
721 734 35
723 750 11
723 819 69
725 977 17
727 951 22
727 1118 21
727 1259 5
730 923 95
731 1278 47
731 1338 24
733 1276 63
733 1456 32
734 757 94
734 853 89
734 1104 76
734 1419 100
735 1317 33
735 1483 72
736 742 96
736 766 83
736 904 14
736 1229 71
737 802 36
739 1183 17
739 1258 25
739 1306 26
740 1236 55
740 1448 2
741 781 62
741 817 65
743 1173 63
744 885 22
744 1320 30
746 1330 89
746 1494 34
748 1223 45
748 1313 95
748 1389 58
748 1423 31
748 1452 41
750 856 4
750 1027 89
750 1160 6
750 1283 92
750 1301 2
750 1433 44
751 963 59
751 1460 89
752 942 67
752 969 37
752 1071 28
752 1214 94
752 1260 58
753 1415 63
754 845 81
754 927 20
754 993 67
754 1032 56
755 1303 39
755 1457 20
756 767 30
756 968 8
756 1003 40
756 1017 68
758 788 87
758 922 10
758 952 17
758 960 8
762 891 65
764 1167 55
764 1434 49
765 807 99
765 915 88
765 1022 4
765 1172 68
765 1266 13
766 1365 53
766 1479 2
770 1226 90
771 1051 83
772 1223 15
772 1362 38
772 1383 48
774 1044 40
774 1499 13
775 876 46
775 909 19
775 1214 84
775 1372 63
776 882 95
776 1290 10
780 1008 77
782 849 68
782 993 74
782 1069 61
782 1232 72
785 1087 53
786 1324 95
787 963 84
787 1261 43
788 847 83
788 1218 44
789 957 8
789 1096 76
790 833 52
790 1192 97
790 1423 51
791 1041 92
791 1081 15
792 1024 43
792 1045 45
794 1050 39
794 1126 62
794 1178 42
794 1246 69
797 911 10
797 912 20
797 1339 91
798 974 25
799 813 8
800 907 53
800 1180 52
800 1209 14
802 967 45
804 1288 68
805 1282 57
805 1466 36
805 1480 81
806 1176 24
809 1274 56
812 1402 62
812 1408 4
813 965 24
813 997 14
813 1089 30
813 1228 72
813 1467 1
814 948 31
815 1385 59
815 1440 68
815 1447 95
816 1265 83
817 854 80
817 934 26
817 1034 79
817 1081 91
818 1247 96
818 1364 97
819 871 35
820 1253 15
821 1032 24
821 1417 61
822 1295 42
823 844 15
823 963 56
824 1142 99
824 1284 13
827 908 47
827 1236 10
829 1049 74
829 1190 23
830 884 61
830 1062 77
831 1138 60
831 1156 100
833 1388 88
834 961 5
837 890 66
837 1489 89
838 1076 39
838 1092 1
838 1291 52
838 1488 11
839 1321 99
840 881 14
841 1078 32
841 1131 88
844 1051 14
844 1355 100
844 1394 52
845 1006 30
847 1474 32
848 1099 42
849 1115 26
849 1269 8
852 1201 68
853 1200 78
853 1205 55
854 1270 12
855 1276 65
857 1070 44
860 870 70
860 1479 44
861 1099 62
863 1342 96
864 932 3
864 961 39
865 1026 78
865 1073 91
866 909 60
866 1253 33
866 1302 53
868 1157 31
870 895 72
870 994 66
870 1235 22
870 1359 28
871 1158 45
872 1354 5
873 1365 95
873 1459 21
875 934 56
875 1463 70
879 1194 32
879 1473 14
881 1122 3
881 1126 21
882 1284 6
888 1152 95
890 938 26
890 1360 67
892 1041 92
892 1365 23
896 1128 26
900 924 36
900 1066 5
900 1305 89
901 1027 55
901 1419 21
902 1038 13
902 1442 17
906 1095 57
907 1022 98
909 1469 21
910 1150 70
912 1127 85
914 919 48
915 1025 97
916 1360 97
917 1093 78
919 1057 11
920 1147 83
924 934 48
924 1197 51
925 1123 70
927 1174 36
928 954 18
928 1118 31
929 1396 76
931 1143 42
932 1225 70
933 1444 64
933 1445 72
934 949 1
937 1421 67
943 1043 64
944 954 8
944 1446 74
947 1075 22
948 1473 66
949 1055 6
950 1175 65
951 1106 72
952 995 34
952 1194 54
952 1373 27
952 1389 1
954 1290 66
955 996 23
955 1208 75
957 1042 13
958 1318 96
959 1108 95
959 1233 13
959 1269 47
959 1323 25
961 975 12
963 1381 99
964 1164 85
964 1224 51
965 1144 7
966 1305 75
968 1085 78
972 1224 27
974 1088 27
974 1269 82
975 1455 43
976 1112 86
977 1161 67
977 1225 57
977 1293 98
980 1091 28
981 1100 40
983 1206 46
984 1414 51
985 1083 18
985 1215 95
986 1416 94
988 1089 51
988 1217 95
988 1287 12
988 1361 30
993 1180 81
995 1003 1
996 1124 72
997 1152 31
998 1168 88
998 1393 84
999 1428 14
1000 1286 70
1010 1351 85
1013 1118 66
1013 1349 20
1014 1451 52
1016 1110 97
1016 1491 98
1019 1416 49
1020 1333 67
1020 1348 72
1020 1415 100
1021 1059 80
1021 1166 59
1022 1127 76
1022 1186 15
1024 1136 68
1025 1491 62
1027 1104 5
1028 1068 45
1028 1186 85
1029 1400 54
1035 1064 28
1035 1256 25
1035 1283 39
1039 1067 55
1039 1152 87
1039 1277 91
1039 1415 46
1040 1085 62
1040 1109 66
1040 1149 3
1040 1282 43
1040 1294 85
1042 1252 21
1042 1420 4
1042 1449 21
1048 1157 88
1049 1201 80
1050 1151 61
1050 1455 71
1052 1233 63
1054 1072 34
1057 1206 53
1059 1291 36
1068 1296 2
1068 1426 69
1074 1251 74
1078 1418 22
1079 1112 91
1081 1384 13
1082 1176 19
1082 1474 99
1083 1205 62
1083 1487 46
1084 1496 20
1085 1314 18
1086 1420 49
1087 1300 74
1092 1170 90
1093 1247 1
1093 1402 96
1094 1227 84
1096 1494 77
1097 1101 60
1097 1432 6
1097 1492 37
1098 1274 75
1099 1178 79
1104 1279 79
1106 1220 49
1106 1254 45
1106 1323 55
1106 1407 13
1106 1482 49
1107 1494 37
1109 1316 37
1109 1446 55
1110 1352 37
1111 1267 1
1112 1279 47
1112 1442 86
1115 1341 88
1117 1229 3
1119 1355 25
1120 1329 30
1121 1477 94
1123 1288 58
1132 1393 80
1133 1388 83
1136 1422 43
1139 1435 93
1146 1352 95
1149 1497 59
1150 1161 96
1150 1185 80
1151 1185 74
1156 1347 37
1159 1199 22
1159 1261 51
1159 1268 20
1161 1382 23
1167 1231 47
1168 1189 57
1168 1248 1
1168 1471 48
1170 1182 51
1176 1195 40
1177 1389 13
1179 1424 57
1187 1294 55
1192 1200 83
1192 1314 47
1192 1476 4
1193 1211 90
1197 1372 34
1203 1404 31
1204 1277 58
1204 1412 65
1206 1499 57
1208 1479 55
1223 1484 83
1224 1240 96
1226 1234 81
1226 1235 49
1226 1335 30
1232 1361 32
1242 1408 52
1245 1289 96
1250 1477 26
1256 1379 3
1258 1273 22
1258 1293 75
1277 1451 36
1281 1308 66
1282 1329 6
1282 1429 36
1283 1403 90
1285 1398 41
1291 1297 25
1307 1315 11
1308 1372 15
1308 1408 32
1308 1441 7
1314 1354 25
1316 1356 21
1321 1331 29
1321 1489 68
1327 1366 50
1332 1469 63
1338 1458 11
1339 1437 37
1342 1445 1
1359 1411 6
1403 1490 40
1405 1490 44
1429 1432 75
1442 1492 1
1451 1461 93
1456 1468 91
1457 1490 37
