2500 7491
0 1 65
0 2 7
0 3 54
0 4 86
0 5 7
0 6 15
0 7 65
0 8 79
0 9 14
0 11 79
0 12 66
0 14 39
0 16 76
0 29 99
0 35 65
0 39 77
0 42 29
0 50 53
0 55 36
0 57 70
0 62 33
0 65 68
0 66 36
0 73 86
0 85 94
0 116 55
0 117 72
0 118 15
0 121 55
0 133 46
0 143 84
0 162 7
0 175 42
0 189 35
0 191 47
0 205 54
0 222 54
0 227 7
0 229 65
0 232 91
0 237 65
0 239 58
0 242 11
0 250 97
0 255 27
0 258 29
0 263 53
0 268 98
0 271 46
0 273 70
0 279 14
0 282 90
0 285 1
0 308 37
0 323 10
0 337 99
0 363 64
0 366 98
0 369 90
0 375 48
0 409 14
0 415 100
0 418 38
0 427 63
0 446 26
0 461 66
0 498 27
0 518 68
0 519 95
0 582 82
0 587 28
0 590 22
0 594 27
0 602 53
0 610 26
0 619 61
0 629 29
0 651 63
0 663 80
0 676 6
0 687 72
0 695 84
0 705 70
0 709 18
0 752 5
0 776 71
0 780 52
0 784 84
0 787 99
0 858 64
0 889 74
0 898 28
0 932 42
0 945 84
0 967 32
0 968 5
0 977 74
0 992 100
0 1033 98
0 1071 79
0 1082 32
0 1107 60
0 1138 19
0 1173 82
0 1174 64
0 1183 28
0 1206 27
0 1207 37
0 1227 18
0 1229 18
0 1251 96
0 1278 12
0 1301 71
0 1332 54
0 1334 23
0 1341 100
0 1350 19
0 1386 68
0 1396 77
0 1462 85
0 1463 86
0 1489 21
0 1492 35
0 1576 48
0 1591 7
0 1610 99
0 1628 30
0 1654 44
0 1659 58
0 1687 80
0 1705 63
0 1745 55
0 1759 44
0 1782 1
0 1792 60
0 1861 54
0 1959 16
0 1960 20
0 1983 89
0 2009 73
0 2072 59
0 2082 70
0 2087 72
0 2089 10
0 2161 78
0 2247 45
0 2269 23
0 2300 32
0 2323 24
0 2352 50
0 2438 69
0 2479 61
0 2484 90
0 2494 28
0 2496 39
1 7 95
1 17 97
1 19 79
1 36 22
1 70 62
1 75 40
1 81 26
1 84 2
1 181 70
1 199 64
1 203 11
1 219 10
1 228 47
1 331 89
1 342 14
1 348 28
1 396 30
1 432 9
1 433 31
1 442 3
1 520 1
1 550 2
1 556 36
1 559 44
1 581 59
1 584 31
1 589 37
1 616 84
1 630 27
1 676 86
1 683 73
1 722 61
1 741 95
1 763 49
1 839 68
1 918 53
1 929 8
1 1026 68
1 1086 10
1 1096 100
1 1098 98
1 1121 59
1 1125 71
1 1156 7
1 1201 45
1 1303 14
1 1395 18
1 1458 32
1 1482 52
1 1496 4
1 1520 47
1 1642 12
1 1659 76
1 1720 31
1 1803 71
1 1822 83
1 1894 14
1 1910 57
1 1922 89
1 2074 56
1 2291 3
1 2330 28
1 2339 34
1 2372 86
1 2388 51
1 2486 97
2 4 55
2 5 25
2 6 50
2 10 63
2 13 9
2 17 40
2 27 49
2 30 33
2 41 15
2 49 43
2 52 58
2 64 38
2 74 64
2 83 58
2 92 23
2 122 70
2 130 21
2 158 18
2 187 27
2 202 74
2 213 93
2 253 62
2 259 78
2 263 37
2 276 76
2 280 71
2 294 21
2 321 50
2 329 54
2 339 20
2 388 81
2 421 99
2 439 57
2 600 90
2 619 30
2 626 62
2 647 41
2 652 93
2 654 80
2 669 31
2 687 30
2 735 43
2 782 66
2 789 56
2 824 76
2 827 50
2 849 31
2 852 15
2 938 25
2 951 10
2 1020 42
2 1033 41
2 1075 27
2 1264 11
2 1339 45
2 1366 44
2 1419 70
2 1434 32
2 1588 29
2 1616 85
2 1660 46
2 1698 38
2 1703 73
2 1716 3
2 1819 23
2 1949 21
2 2059 53
2 2203 71
2 2208 63
2 2262 33
2 2286 9
2 2418 32
2 2420 14
3 4 28
3 5 99
3 14 36
3 16 58
3 18 9
3 19 33
3 37 5
3 47 88
3 60 14
3 64 95
3 92 90
3 93 67
3 97 48
3 149 79
3 163 77
3 189 2
3 197 21
3 210 94
3 236 87
3 246 93
3 247 7
3 300 88
3 334 50
3 344 38
3 352 62
3 365 23
3 423 55
3 440 25
3 452 9
3 512 93
3 604 62
3 646 63
3 680 18
3 694 50
3 722 90
3 733 75
3 734 1
3 759 43
3 848 7
3 900 83
3 915 70
3 953 2
3 955 83
3 977 71
3 1032 27
3 1070 100
3 1075 63
3 1079 94
3 1131 44
3 1144 33
3 1204 70
3 1279 87
3 1294 35
3 1308 72
3 1358 68
3 1678 75
3 1777 100
3 1829 18
3 1863 93
3 2034 37
3 2056 97
3 2074 18
3 2092 39
3 2095 79
3 2140 46
3 2143 1
3 2333 22
4 15 44
4 17 6
4 23 30
4 35 29
4 37 76
4 72 36
4 74 61
4 80 1
4 83 42
4 87 42
4 93 10
4 98 99
4 149 34
4 167 5
4 194 97
4 201 46
4 218 94
4 220 16
4 234 87
4 264 92
4 287 22
4 336 21
4 402 25
4 416 1
4 425 45
4 461 93
4 509 21
4 637 45
4 672 49
4 705 12
4 745 29
4 757 42
4 848 86
4 858 98
4 913 3
4 1005 1
4 1110 95
4 1284 71
4 1305 5
4 1336 47
4 1346 55
4 1349 33
4 1370 82
4 1512 49
4 1667 21
4 1699 8
4 1791 73
4 1993 80
4 2126 26
4 2145 17
4 2195 24
4 2325 54
4 2349 7
4 2449 46
4 2461 6
5 6 65
5 7 71
5 8 18
5 9 86
5 11 41
5 12 60
5 14 32
5 19 94
5 20 67
5 25 3
5 28 47
5 30 2
5 31 37
5 32 55
5 36 54
5 40 9
5 50 17
5 57 21
5 71 50
5 77 78
5 93 63
5 99 2
5 119 8
5 144 6
5 146 24
5 155 57
5 202 67
5 233 13
5 249 52
5 251 39
5 280 14
5 290 46
5 303 27
5 315 48
5 326 55
5 327 52
5 334 99
5 336 31
5 359 76
5 365 83
5 376 31
5 382 50
5 388 65
5 397 79
5 438 56
5 451 60
5 456 51
5 458 36
5 478 5
5 487 36
5 533 8
5 537 3
5 546 72
5 547 20
5 556 72
5 578 6
5 690 78
5 744 99
5 802 26
5 840 66
5 877 43
5 907 34
5 914 28
5 966 61
5 988 53
5 1079 14
5 1155 95
5 1192 67
5 1197 17
5 1216 43
5 1270 2
5 1273 27
5 1282 60
5 1287 88
5 1330 34
5 1331 72
5 1367 23
5 1412 75
5 1436 55
5 1466 6
5 1633 14
5 1718 62
5 1768 67
5 1827 54
5 1888 86
5 1978 31
5 2114 67
5 2148 74
5 2180 86
5 2250 66
5 2329 57
5 2370 82
5 2415 96
5 2432 9
5 2479 52
6 8 49
6 10 8
6 29 9
6 32 22
6 45 60
6 48 89
6 63 22
6 100 50
6 101 4
6 105 29
6 124 57
6 138 98
6 150 40
6 151 59
6 152 64
6 180 9
6 183 76
6 198 15
6 200 29
6 208 86
6 214 86
6 246 6
6 263 14
6 305 13
6 428 22
6 450 31
6 485 91
6 498 86
6 609 67
6 677 13
6 719 54
6 777 8
6 833 36
6 876 42
6 882 37
6 887 37
6 894 59
6 980 47
6 985 10
6 1068 40
6 1085 53
6 1293 74
6 1314 82
6 1397 1
6 1473 49
6 1635 16
6 1718 49
6 1856 15
6 1943 61
6 1970 74
6 1976 85
6 1995 14
6 2082 91
6 2137 34
6 2163 13
6 2175 99
6 2267 35
6 2306 60
6 2385 1
6 2408 45
7 9 80
7 10 63
7 13 53
7 15 47
7 26 33
7 55 42
7 61 24
7 103 43
7 134 59
7 158 81
7 190 70
7 306 17
7 327 78
7 373 80
7 382 62
7 437 86
7 469 60
7 507 38
7 516 84
7 550 76
7 552 11
7 607 41
7 678 59
7 685 20
7 695 24
7 769 81
7 830 53
7 863 83
7 906 92
7 907 46
7 1253 59
7 1289 26
7 1387 78
7 1391 13
7 1406 8
7 1434 37
7 1493 67
7 1763 10
7 1819 35
7 1878 99
7 1882 19
7 1915 5
7 1945 63
7 1992 21
7 2015 95
7 2122 18
7 2196 51
7 2403 63
7 2452 57
8 20 21
8 21 57
8 34 59
8 43 53
8 56 98
8 58 20
8 72 63
8 106 83
8 132 8
8 147 94
8 162 100
8 297 30
8 318 68
8 356 67
8 394 65
8 414 29
8 455 51
8 459 7
8 613 27
8 647 84
8 732 88
8 846 16
8 877 83
8 885 40
8 1018 75
8 1045 83
8 1077 74
8 1208 72
8 1210 63
8 1236 99
8 1241 56
8 1319 63
8 1342 89
8 1428 47
8 1573 76
8 1729 93
8 1775 68
8 1811 26
8 1844 12
8 1906 17
8 1936 7
8 2105 11
8 2111 18
8 2181 63
8 2337 16
8 2497 13
9 11 57
9 12 26
9 13 48
9 23 32
9 24 68
9 26 59
9 43 39
9 101 22
9 116 3
9 140 76
9 168 43
9 184 85
9 187 22
9 195 80
9 225 63
9 255 94
9 267 29
9 279 20
9 290 18
9 309 3
9 393 49
9 483 38
9 589 13
9 598 91
9 617 49
9 635 7
9 636 96
9 666 44
9 682 3
9 798 60
9 810 70
9 862 71
9 1006 29
9 1014 80
9 1087 11
9 1130 3
9 1154 98
9 1191 51
9 1219 40
9 1227 39
9 1233 12
9 1358 9
9 1370 94
9 1481 29
9 1499 64
9 1555 36
9 1576 56
9 1620 75
9 1763 83
9 1787 45
9 1835 17
9 1841 50
9 2117 45
9 2220 92
10 15 54
10 22 14
10 39 58
10 42 20
10 112 22
10 161 84
10 240 41
10 241 33
10 244 88
10 270 71
10 325 10
10 335 90
10 359 91
10 361 85
10 393 8
10 436 27
10 726 86
10 792 45
10 802 16
10 1010 3
10 1123 72
10 1170 56
10 1178 95
10 1405 87
10 1456 18
10 1511 15
10 1521 98
10 1593 52
10 1839 60
10 1990 66
10 2041 49
10 2122 69
10 2179 62
10 2199 27
10 2254 61
10 2382 90
10 2417 46
10 2423 22
10 2448 66
11 120 78
11 146 11
11 207 1
11 210 99
11 346 80
11 355 90
11 431 62
11 597 19
11 901 77
11 973 5
11 1091 16
11 1310 86
11 1342 68
11 1535 75
11 1787 40
11 1801 9
11 1873 39
12 43 54
12 73 15
12 89 1
12 128 88
12 129 63
12 199 12
12 248 14
12 420 22
12 426 27
12 726 84
12 936 89
12 940 62
12 1009 39
12 1035 44
12 1300 33
12 1372 84
12 1446 88
12 1561 69
12 1648 79
12 1801 42
12 1822 38
12 1998 34
13 16 41
13 18 89
13 27 10
13 34 60
13 62 13
13 122 76
13 127 66
13 136 75
13 152 95
13 167 8
13 172 91
13 183 45
13 205 50
13 249 17
13 285 80
13 291 85
13 306 47
13 310 10
13 315 61
13 370 7
13 400 87
13 422 3
13 564 84
13 662 15
13 711 83
13 775 45
13 879 24
13 939 3
13 991 88
13 1046 71
13 1097 4
13 1101 42
13 1114 56
13 1212 57
13 1215 27
13 1216 99
13 1291 68
13 1333 73
13 1345 64
13 1348 80
13 1350 65
13 1354 70
13 1390 24
13 1401 24
13 1431 92
13 1439 8
13 1452 71
13 1760 56
13 1784 18
13 1810 22
13 1834 12
13 1928 73
13 1949 80
13 1991 1
13 2048 65
13 2149 31
13 2195 49
14 24 78
14 25 4
14 42 52
14 48 47
14 54 28
14 67 40
14 109 59
14 128 62
14 133 81
14 136 48
14 141 98
14 175 82
14 204 6
14 206 37
14 221 20
14 227 44
14 259 57
14 303 97
14 314 50
14 350 94
14 411 49
14 433 57
14 473 15
14 495 48
14 499 24
14 540 25
14 551 35
14 664 76
14 670 71
14 819 71
14 822 33
14 831 53
14 851 28
14 880 6
14 1098 40
14 1106 30
14 1285 51
14 1300 64
14 1376 49
14 1394 84
14 1570 47
14 1621 52
14 1663 86
14 1677 23
14 1740 82
14 1750 74
14 1800 33
14 1810 87
14 1837 27
14 1930 67
14 2028 43
14 2046 11
14 2351 62
14 2442 77
14 2454 91
14 2484 95
15 18 62
15 21 82
15 24 91
15 26 16
15 28 22
15 33 98
15 41 52
15 56 61
15 67 15
15 69 27
15 79 41
15 120 16
15 131 86
15 188 2
15 244 3
15 316 13
15 340 52
15 341 48
15 381 71
15 426 84
15 445 15
15 491 63
15 628 32
15 630 28
15 672 87
15 673 64
15 710 49
15 740 56
15 778 44
15 784 68
15 791 70
15 883 9
15 999 76
15 1025 78
15 1057 6
15 1090 93
15 1288 34
15 1468 7
15 1623 35
15 1670 48
15 1791 43
16 20 30
16 70 51
16 86 48
16 972 65
16 1304 39
16 1741 63
16 1926 99
17 29 69
17 33 24
17 44 70
17 46 30
17 60 48
17 71 52
17 84 4
17 123 19
17 180 11
17 182 65
17 297 43
17 321 33
17 338 42
17 379 97
17 390 75
17 398 30
17 423 51
17 430 78
17 493 98
17 511 88
17 586 74
17 652 1
17 703 99
17 706 11
17 842 37
17 883 22
17 998 30
17 1024 34
17 1099 18
17 1234 20
17 1387 74
17 1452 6
17 1469 63
17 1480 36
17 1696 28
17 1905 30
17 2021 88
17 2038 99
17 2090 71
17 2112 45
18 27 100
18 32 43
18 40 90
18 50 95
18 89 13
18 142 77
18 181 2
18 236 72
18 403 59
18 422 90
18 478 14
18 599 25
18 698 77
18 700 71
18 741 30
18 771 85
18 791 7
18 871 79
18 924 54
18 956 58
18 1063 17
18 1152 97
18 1248 1
18 1840 81
18 1909 100
18 1986 90
18 2166 12
18 2261 40
18 2267 9
18 2401 85
19 22 98
19 25 67
19 31 85
19 35 39
19 36 75
19 38 3
19 41 21
19 51 10
19 55 47
19 59 66
19 68 56
19 74 78
19 79 64
19 86 45
19 88 33
19 89 6
19 107 48
19 113 38
19 125 62
19 154 98
19 174 52
19 178 65
19 185 69
19 191 47
19 221 78
19 224 11
19 242 93
19 255 86
19 272 49
19 306 15
19 307 12
19 343 96
19 389 30
19 405 20
19 436 100
19 441 36
19 459 83
19 474 54
19 486 2
19 496 98
19 502 58
19 529 19
19 574 31
19 593 27
19 605 91
19 615 36
19 626 2
19 649 80
19 693 69
19 706 33
19 735 71
19 745 46
19 756 64
19 801 41
19 811 18
19 874 33
19 912 68
19 925 78
19 936 77
19 985 41
19 1037 21
19 1039 18
19 1117 40
19 1129 32
19 1155 35
19 1266 50
19 1271 8
19 1347 5
19 1369 29
19 1384 61
19 1393 91
19 1416 55
19 1453 11
19 1515 72
19 1567 80
19 1575 100
19 1614 2
19 1631 69
19 1647 16
19 1664 97
19 1700 4
19 1752 87
19 1753 74
19 1767 41
19 1815 95
19 2008 8
19 2025 82
19 2040 53
19 2089 28
19 2110 37
19 2154 94
19 2187 14
19 2227 39
19 2248 28
19 2257 67
19 2329 60
19 2364 89
19 2388 11
19 2436 17
19 2475 46
19 2478 46
20 21 70
20 22 43
20 23 47
20 30 1
20 40 27
20 46 18
20 65 26
20 77 29
20 79 90
20 108 74
20 117 36
20 150 88
20 205 32
20 244 56
20 400 27
20 449 41
20 473 64
20 475 45
20 506 100
20 670 76
20 729 19
20 755 18
20 923 5
20 1043 87
20 1108 33
20 1199 60
20 1249 72
20 1432 8
20 1530 62
20 1598 67
20 1700 63
20 1727 56
20 1746 47
20 1784 17
20 1825 12
20 2069 74
20 2093 22
20 2207 19
20 2226 50
20 2233 90
20 2317 59
20 2490 70
21 72 94
21 90 78
21 139 71
21 213 64
21 400 97
21 425 17
21 453 51
21 476 83
21 714 13
21 1011 51
21 1154 68
21 1253 63
21 1311 62
21 1337 77
21 1506 100
21 1508 25
21 1566 24
21 1584 57
21 1906 71
21 1979 77
21 2362 15
22 28 75
22 39 98
22 45 50
22 62 77
22 67 16
22 76 38
22 102 73
22 111 76
22 223 30
22 275 52
22 420 3
22 421 16
22 454 14
22 484 63
22 489 100
22 569 95
22 577 57
22 613 3
22 699 32
22 841 30
22 1028 86
22 1163 19
22 1288 60
22 1383 67
22 1406 47
22 1486 81
22 1787 86
22 1837 35
22 2006 100
22 2109 86
22 2432 92
23 488 41
23 910 60
23 1137 18
23 1292 57
23 2256 64
24 57 69
24 95 42
24 104 71
24 108 75
24 140 35
24 246 47
24 374 76
24 376 59
24 378 48
24 415 49
24 419 68
24 432 71
24 473 68
24 520 90
24 569 59
24 587 34
24 696 3
24 718 57
24 727 23
24 776 49
24 796 82
24 825 17
24 879 84
24 1020 79
24 1095 99
24 1203 27
24 1263 43
24 1378 10
24 1519 47
24 1547 95
24 1582 37
24 1977 34
25 44 30
25 153 47
25 190 81
25 429 18
25 446 99
25 467 28
25 532 13
25 827 2
25 854 10
25 889 86
25 1044 39
25 1363 14
25 1484 58
25 1543 93
25 1601 43
25 1770 20
25 2078 48
25 2108 61
25 2230 93
25 2345 47
25 2401 60
26 33 41
26 151 78
26 262 44
26 289 78
26 293 16
26 312 51
26 372 76
26 494 67
26 497 56
26 926 25
26 1435 99
26 1912 16
26 2184 52
26 2284 11
27 31 69
27 44 72
27 75 26
27 88 44
27 166 68
27 199 39
27 248 94
27 266 84
27 272 28
27 299 85
27 302 78
27 314 66
27 324 2
27 338 64
27 372 65
27 394 57
27 437 8
27 464 52
27 530 50
27 567 98
27 738 65
27 815 62
27 882 68
27 1001 86
27 1090 81
27 1126 6
27 1131 14
27 1190 31
27 1235 42
27 1241 49
27 1324 14
27 1329 15
27 1370 12
27 1376 89
27 1408 45
27 1522 17
27 1602 38
27 1616 97
27 1623 1
27 1766 97
27 1845 71
27 1901 47
27 2044 96
27 2066 54
27 2129 43
27 2147 92
27 2169 51
27 2188 12
27 2282 67
27 2335 80
27 2436 68
27 2438 7
28 108 90
28 234 38
28 311 40
28 721 90
28 1369 70
28 1626 96
28 1699 49
28 1784 1
28 2262 28
29 59 25
29 83 91
29 115 57
29 179 41
29 201 87
29 508 14
29 572 88
29 643 91
29 1148 64
29 1230 51
29 2065 5
29 2137 56
29 2168 99
30 52 62
30 56 9
30 65 92
30 76 47
30 91 54
30 103 74
30 132 56
30 137 93
30 148 68
30 156 91
30 173 68
30 298 57
30 307 55
30 449 1
30 465 39
30 467 70
30 588 36
30 602 14
30 657 4
30 697 11
30 742 76
30 750 49
30 851 20
30 857 62
30 903 83
30 1002 21
30 1368 31
30 1457 72
30 1505 28
30 1519 17
30 1624 7
30 1676 99
30 2018 97
30 2109 5
30 2121 5
30 2295 5
30 2389 36
30 2440 53
31 47 50
31 51 3
31 114 53
31 146 63
31 267 33
31 339 32
31 393 25
31 401 81
31 431 81
31 471 9
31 626 27
31 658 62
31 713 30
31 715 47
31 783 17
31 796 24
31 949 24
31 1251 16
31 1310 94
31 1367 41
31 1373 48
31 1589 43
31 1741 57
31 1948 72
31 2091 5
31 2123 85
31 2168 100
31 2258 66
31 2298 58
31 2342 80
31 2364 71
32 34 66
32 138 2
32 186 13
32 194 39
32 406 56
32 513 28
32 851 35
32 1031 80
32 1057 34
32 1157 22
32 1618 78
32 1735 24
32 1848 9
32 1936 14
32 2155 73
32 2329 56
32 2415 43
33 37 81
33 38 46
33 82 8
33 102 81
33 119 98
33 126 75
33 161 99
33 179 1
33 206 72
33 217 79
33 258 58
33 287 20
33 298 65
33 301 72
33 311 55
33 417 49
33 516 90
33 517 94
33 531 51
33 610 38
33 660 94
33 667 35
33 702 61
33 723 84
33 907 94
33 911 75
33 957 99
33 972 58
33 1239 75
33 1247 7
33 1393 8
33 1442 68
33 1550 52
33 1565 74
33 1590 1
33 1664 90
33 1667 92
33 1679 9
33 1736 6
33 1820 31
33 1876 31
33 1956 47
33 2403 27
34 38 81
34 78 67
34 94 80
34 125 72
34 178 28
34 209 80
34 237 49
34 252 72
34 275 23
34 303 14
34 317 17
34 335 97
34 338 23
34 541 56
34 674 6
34 741 67
34 764 58
34 831 30
34 1008 12
34 1029 43
34 1079 85
34 1226 8
34 1232 12
34 1619 36
34 1944 38
34 1957 96
34 2077 41
34 2110 27
34 2156 81
34 2392 42
35 49 26
35 77 2
35 96 21
35 128 3
35 141 5
35 275 57
35 342 33
35 961 53
35 1080 11
35 1509 84
35 1568 59
35 1628 58
35 2111 56
35 2119 47
35 2278 36
35 2430 64
36 66 13
37 53 84
37 264 15
37 282 47
37 345 21
37 359 33
37 572 88
37 664 21
37 767 47
37 1104 36
37 1259 77
37 1498 66
37 2462 86
38 48 46
38 80 26
38 81 13
38 82 54
38 105 85
38 159 14
38 166 64
38 226 85
38 279 56
38 309 66
38 332 51
38 335 59
38 350 83
38 394 36
38 414 49
38 460 98
38 462 7
38 522 94
38 526 28
38 544 62
38 572 53
38 584 86
38 589 41
38 600 61
38 643 12
38 658 15
38 687 55
38 716 7
38 739 51
38 794 88
38 953 61
38 1000 18
38 1074 56
38 1134 37
38 1150 92
38 1166 96
38 1169 22
38 1271 70
38 1295 54
38 1339 96
38 1453 21
38 1540 33
38 1729 83
38 1750 44
38 1772 7
38 1801 58
38 1831 79
38 1881 72
38 1896 87
38 1916 37
38 1918 31
38 1932 50
38 1984 84
38 2014 87
38 2144 13
38 2298 70
38 2301 54
38 2492 20
39 45 68
39 49 85
39 71 16
39 94 40
39 98 94
39 105 15
39 110 72
39 135 40
39 151 82
39 169 37
39 193 36
39 215 83
39 248 33
39 300 29
39 311 22
39 353 9
39 412 66
39 445 35
39 466 74
39 506 60
39 684 67
39 806 89
39 813 57
39 903 68
39 1019 37
39 1097 90
39 1175 23
39 1273 16
39 1609 4
39 2023 73
39 2051 29
39 2102 75
39 2364 46
39 2365 32
39 2393 39
39 2482 13
40 52 29
40 81 66
40 98 100
40 107 42
40 124 32
40 135 36
40 147 42
40 164 14
40 209 59
40 399 81
40 544 94
40 581 10
40 600 89
40 704 23
40 732 28
40 792 54
40 797 46
40 818 74
40 868 62
40 890 28
40 952 2
40 990 67
40 1222 35
40 1277 62
40 1412 47
40 1541 47
40 1921 42
40 2071 8
40 2191 75
40 2447 23
41 46 96
41 47 26
41 60 98
41 95 23
41 131 42
41 134 99
41 141 43
41 150 1
41 214 18
41 293 12
41 357 43
41 426 90
41 487 38
41 507 62
41 510 4
41 522 17
41 523 84
41 595 92
41 623 80
41 707 35
41 834 41
41 892 79
41 1053 66
41 1067 62
41 1089 92
41 1269 58
41 1557 48
41 1597 39
41 1612 35
41 1653 32
41 1829 89
41 1866 86
41 1880 17
41 2099 54
41 2251 96
41 2285 40
41 2316 98
42 66 20
42 69 59
42 80 58
42 82 21
42 96 51
42 200 95
42 345 16
42 407 29
42 443 8
42 469 63
42 470 51
42 492 97
42 493 86
42 538 28
42 654 48
42 736 50
42 748 4
42 826 69
42 922 74
42 983 70
42 1036 57
42 1075 74
42 1181 47
42 1203 37
42 1234 69
42 1546 65
42 1550 13
42 1563 31
42 1697 37
42 2019 8
42 2160 91
43 58 82
43 78 45
43 88 65
43 90 64
43 113 1
43 188 3
43 217 27
43 220 4
43 236 14
43 251 28
43 277 78
43 282 31
43 349 17
43 468 82
43 478 65
43 497 55
43 555 68
43 580 12
43 615 85
43 702 38
43 745 34
43 761 2
43 771 50
43 875 20
43 886 94
43 944 54
43 1064 55
43 1181 9
43 1283 70
43 1287 77
43 1434 31
43 1698 86
43 1860 68
43 1875 91
43 1882 81
43 1945 65
43 2034 97
43 2217 3
43 2457 32
43 2488 7
44 61 7
44 283 60
44 470 54
44 508 9
44 606 60
44 961 44
44 1025 18
44 1298 49
44 1352 22
44 1782 16
44 1797 4
45 53 29
45 68 63
45 260 42
45 284 95
45 337 83
45 474 88
45 531 22
45 779 92
45 880 52
45 1062 52
45 1183 35
45 1356 98
45 1390 46
45 1658 65
45 2321 66
45 2383 16
46 51 58
46 78 28
46 138 2
46 188 2
46 197 47
46 266 95
46 281 86
46 304 68
46 368 50
46 439 58
46 445 97
46 452 8
46 483 17
46 499 91
46 521 66
46 547 63
46 691 39
46 1089 46
46 1186 69
46 1207 88
46 1269 7
46 1281 45
46 1365 7
46 1550 64
46 1742 70
46 1958 80
46 2229 82
46 2477 2
47 53 66
47 54 89
47 139 22
47 163 29
47 332 24
47 633 52
47 747 25
47 871 23
47 1124 20
47 1147 94
47 1772 10
48 58 70
48 100 7
48 110 8
48 121 20
48 129 55
48 153 6
48 195 69
48 203 83
48 225 1
48 249 34
48 287 96
48 305 43
48 346 24
48 360 36
48 365 19
48 419 31
48 591 23
48 608 53
48 629 15
48 673 100
48 679 50
48 781 82
48 862 48
48 1018 81
48 1198 83
48 1361 23
48 1720 61
48 1882 82
48 1968 19
49 54 20
49 75 32
49 85 47
49 115 73
49 123 11
49 207 24
49 245 16
49 289 63
49 291 75
49 373 22
49 428 8
49 539 17
49 581 49
49 648 79
49 668 50
49 908 54
49 1067 8
49 1136 48
49 1174 7
49 1252 84
49 1297 14
49 1394 44
49 1443 34
49 1534 44
49 1625 32
49 1812 30
49 1987 92
49 2018 52
49 2033 21
49 2037 48
49 2100 65
49 2273 83
49 2300 36
49 2405 21
50 59 29
50 107 18
50 124 15
50 135 71
50 243 78
50 363 29
50 401 20
50 519 72
50 531 12
50 847 83
50 878 71
50 881 15
50 987 70
50 1052 45
50 1095 24
50 1713 38
50 1877 81
50 1878 39
50 1965 19
50 2301 33
50 2337 3
51 170 88
51 491 65
51 621 86
51 770 90
51 1460 78
51 1580 25
51 1891 39
51 2021 11
51 2154 57
51 2172 3
51 2272 59
51 2498 65
52 91 32
52 212 75
52 594 23
52 2206 11
53 134 66
53 156 77
53 313 64
53 492 36
53 545 72
53 671 95
53 1157 6
53 1295 92
53 1374 79
53 1528 76
53 1632 91
53 2002 28
53 2288 96
55 215 6
55 353 34
55 366 27
55 423 77
55 505 44
55 586 19
55 618 25
55 701 91
55 958 43
55 1101 5
55 1143 87
55 1418 91
55 1622 91
55 2167 64
55 2202 66
55 2455 73
56 64 58
56 76 11
56 90 44
56 126 65
56 250 84
56 253 34
56 291 14
56 398 3
56 428 16
56 493 79
56 505 92
56 538 83
56 549 43
56 759 37
56 777 44
56 790 52
56 800 94
56 814 89
56 888 18
56 905 16
56 969 1
56 1163 82
56 1188 2
56 1309 9
56 1321 7
56 1539 32
56 1634 46
56 1641 17
56 1672 44
56 1823 81
56 1983 68
56 2090 69
56 2129 90
56 2153 95
57 61 34
57 159 59
57 184 12
57 258 6
57 320 96
57 567 76
57 786 54
57 857 71
57 947 8
57 1380 4
57 1732 72
57 1838 91
57 1867 31
57 1963 23
57 1971 99
57 2037 50
57 2127 58
57 2164 90
57 2343 48
58 160 7
58 210 100
58 234 79
58 238 54
58 265 16
58 296 16
58 325 42
58 472 59
58 482 37
58 528 16
58 553 68
58 653 27
58 805 87
58 895 78
58 914 56
58 917 89
58 1176 58
58 1228 47
58 1497 81
58 1504 6
58 1554 26
58 1607 79
58 1612 73
58 1987 16
59 63 80
59 148 67
59 310 14
59 475 14
59 543 96
59 569 25
59 570 21
59 768 21
59 812 98
59 853 35
59 864 48
59 960 97
59 1060 25
59 1244 11
59 1678 75
59 1739 85
59 2207 66
60 94 47
60 181 17
60 185 70
60 196 40
60 368 3
60 427 19
60 526 74
60 551 45
60 713 18
60 727 100
60 731 90
60 736 98
60 770 11
60 786 9
60 855 19
60 918 68
60 1037 1
60 1062 41
60 1130 43
60 1272 23
60 1495 48
60 1499 69
60 1519 80
60 1610 44
60 1618 53
60 1790 26
60 1903 15
60 2084 47
60 2140 28
60 2202 62
60 2286 58
60 2456 79
61 68 36
61 159 62
61 177 67
61 182 81
61 193 95
61 228 64
61 383 19
61 408 67
61 483 58
61 620 67
61 729 48
61 786 71
61 894 62
61 899 73
61 1192 40
61 1200 12
61 1239 78
61 1302 93
61 1397 98
61 1762 53
61 1776 65
61 1901 95
61 2243 43
62 63 11
62 97 23
62 131 37
62 172 7
62 265 98
62 313 5
62 319 91
62 387 14
62 453 65
62 527 20
62 632 80
62 833 50
62 908 100
62 1135 40
62 1151 76
62 1212 25
62 1276 93
62 1476 42
62 1679 22
62 1897 80
62 2373 20
63 126 44
63 180 68
63 320 16
63 477 81
63 486 7
63 841 39
63 875 96
63 1109 68
63 1665 93
63 2116 79
64 70 18
64 102 35
64 176 94
64 224 44
64 316 69
64 413 70
64 442 81
64 519 27
64 524 38
64 588 47
64 675 13
64 937 43
64 954 99
64 1044 7
64 1060 98
64 1118 84
64 1122 27
64 1311 38
64 1411 2
64 1553 25
64 1602 33
64 1943 52
64 2045 91
65 143 54
65 161 22
65 164 92
65 215 72
65 318 12
65 324 79
65 585 13
65 609 93
65 650 56
65 700 63
65 989 19
65 1463 77
65 1807 17
65 2491 28
66 85 50
66 87 20
66 92 10
66 111 51
66 189 18
66 192 86
66 301 29
66 317 67
66 448 1
66 540 11
66 601 86
66 617 74
66 778 6
66 854 11
66 859 90
66 890 68
66 998 41
66 1051 57
66 1070 19
66 1088 50
66 1242 78
66 1259 88
66 1359 11
66 1379 24
66 1627 99
66 1652 34
66 2080 26
66 2336 31
66 2348 95
66 2400 53
66 2425 67
66 2481 14
67 349 38
67 525 95
67 891 14
67 1374 37
67 1620 100
67 1742 11
67 2011 76
67 2022 93
67 2041 92
68 69 32
68 106 56
68 115 62
68 256 71
68 288 53
68 369 75
68 527 41
68 811 56
68 853 13
68 855 84
68 963 32
68 1218 95
68 1237 62
68 1371 85
68 1395 42
68 1600 5
68 1782 2
68 1850 28
68 1881 12
68 2020 6
68 2235 8
68 2276 83
69 84 59
69 790 80
69 2353 78
70 86 91
70 109 81
70 114 29
70 132 6
70 207 5
70 212 35
70 230 33
70 463 26
70 547 9
70 614 57
70 747 97
70 1195 78
70 1420 28
70 1422 4
70 1669 1
70 1761 4
70 1859 58
70 1944 41
71 121 1
71 129 19
71 224 45
71 500 52
71 579 87
71 668 83
71 753 26
71 775 59
71 876 11
71 989 22
71 1429 84
71 1639 8
71 1728 58
71 1862 34
71 1935 98
71 2187 48
72 73 100
72 112 12
72 174 33
72 195 55
72 202 15
72 242 19
72 286 25
72 326 63
72 380 22
72 456 56
72 491 95
72 596 82
72 632 85
72 638 29
72 881 65
72 989 27
72 1014 4
72 1548 3
72 1580 17
72 2038 17
72 2213 7
72 2225 54
72 2357 35
72 2445 71
73 361 29
73 619 73
73 633 15
73 711 72
73 1244 79
73 1750 25
74 465 23
74 1211 20
74 1484 6
74 1988 8
74 2242 35
75 104 38
75 114 47
75 127 35
75 261 57
75 292 21
75 383 73
75 413 13
75 450 48
75 502 1
75 793 19
75 951 42
75 1135 38
75 1166 100
75 1184 96
75 1186 83
75 1692 52
75 1861 18
75 2055 65
76 118 34
76 169 7
76 173 88
76 357 62
76 544 98
76 735 50
76 933 49
76 1081 94
76 1128 64
76 1219 26
76 1262 67
76 1318 65
76 1442 44
76 1466 41
76 1566 8
76 2487 85
77 100 15
77 118 62
77 165 98
77 223 4
77 229 56
77 230 46
77 288 11
77 408 89
77 437 38
77 674 46
77 690 51
77 1149 38
77 1263 2
77 1281 46
77 1308 29
77 1365 26
77 1518 13
77 1710 52
77 1802 18
77 1927 70
77 1981 62
77 2374 68
78 171 60
78 176 29
78 177 80
78 222 38
78 460 81
78 539 90
78 885 8
78 1260 55
78 1724 33
78 2146 89
78 2209 84
79 95 50
79 250 37
79 324 67
79 328 81
79 370 33
79 375 29
79 447 18
79 480 86
79 638 29
79 1116 50
79 1195 23
79 1505 53
79 1544 71
79 1549 95
79 1739 34
79 1756 3
79 1817 48
79 1899 6
79 2223 12
80 99 38
80 119 77
80 339 85
80 447 34
80 560 68
80 599 81
80 651 60
80 661 62
80 671 67
80 710 25
80 817 80
80 892 49
80 956 27
80 981 25
80 986 72
80 1170 70
80 1225 60
80 1381 25
80 1493 37
80 1561 90
80 1701 99
80 1789 87
80 1969 4
80 2126 41
80 2296 5
80 2422 91
81 806 84
81 818 1
81 2466 9
82 280 54
82 764 87
82 1223 38
82 1584 99
82 1749 66
83 101 34
83 125 83
83 228 8
83 307 40
83 402 17
83 429 17
83 561 14
83 597 75
83 960 98
83 962 23
83 1792 97
83 2275 60
84 96 59
84 144 17
84 148 39
84 227 98
84 1128 28
84 1292 62
84 1515 38
84 1694 46
84 1850 84
84 1924 19
84 2263 34
85 361 66
85 367 17
85 646 29
85 841 80
85 984 70
85 1490 60
85 2019 22
86 87 36
86 91 71
86 308 15
86 399 32
86 424 42
86 481 38
86 605 1
86 669 70
86 805 59
86 968 52
86 978 65
86 1177 28
86 1274 66
86 1993 67
86 2234 62
86 2406 87
87 106 79
87 296 28
87 729 69
87 904 29
87 1040 22
87 1102 63
87 2333 55
87 2347 32
88 142 23
88 183 75
88 221 87
88 320 15
88 322 31
88 332 83
88 395 78
88 424 61
88 513 99
88 958 42
88 1050 65
88 1099 76
88 1286 27
88 1474 19
88 1921 40
88 2328 39
88 2443 97
88 2452 69
89 110 57
89 341 79
89 1021 99
89 1220 13
89 1500 73
89 1666 90
89 1842 44
89 2164 84
90 97 65
90 109 29
90 155 64
90 192 78
90 406 43
90 523 17
90 557 73
90 1002 51
90 1064 48
90 1542 65
90 1886 55
90 2033 15
90 2270 93
91 99 93
91 130 1
91 133 28
91 140 67
91 325 59
91 353 9
91 457 83
91 540 34
91 625 19
91 682 1
91 698 33
91 960 61
91 1093 71
91 1142 74
91 1257 80
91 1269 71
91 1596 43
91 1804 18
91 1883 70
91 2092 50
91 2420 93
92 170 1
92 283 61
92 395 77
92 450 80
92 510 64
92 756 66
92 1073 87
92 1347 87
92 1409 30
92 2386 4
93 154 20
93 186 73
93 974 53
93 1092 98
93 2427 64
94 122 40
94 160 6
94 241 14
94 294 96
94 302 73
94 314 53
94 479 69
94 498 77
94 508 2
94 528 69
94 580 46
94 749 95
94 776 91
94 898 95
94 915 53
94 1012 83
94 1112 98
94 1491 9
94 1501 92
94 1596 51
94 1744 7
94 1788 53
94 1838 11
94 1985 1
94 2047 37
94 2306 21
95 201 65
95 235 93
95 276 92
95 872 33
95 970 35
95 1019 35
95 1197 54
95 1373 61
95 2012 2
95 2468 47
96 358 98
96 490 97
96 571 40
96 612 34
96 716 100
96 780 95
96 787 81
96 975 75
96 1518 22
96 1869 81
96 2087 4
97 111 82
97 113 44
97 487 67
97 838 49
97 1313 2
97 2033 86
98 304 32
98 392 52
98 410 43
98 1203 24
98 2465 58
99 130 95
99 167 1
99 665 61
99 725 75
99 926 47
99 1179 47
99 1301 76
99 2214 66
99 2464 39
100 193 21
100 269 36
100 301 95
100 435 91
100 808 51
100 872 63
100 1013 84
100 1289 81
100 1440 46
100 1445 97
100 1754 16
100 1816 93
101 103 52
101 165 36
101 226 8
101 564 10
101 782 35
101 952 48
101 1078 33
101 1240 5
101 2113 15
102 340 89
102 374 79
102 561 36
102 578 23
102 774 72
102 788 7
102 891 74
102 938 41
102 1221 19
102 1431 65
102 1648 95
102 2017 42
102 2111 20
103 104 91
103 142 71
103 171 64
103 253 6
103 298 95
103 471 21
103 644 69
103 718 81
103 760 94
103 864 60
103 997 36
103 1140 17
103 1204 37
103 1298 23
103 1355 81
103 1566 96
103 1793 34
103 1890 79
103 1937 69
103 1985 86
103 2073 49
103 2365 99
104 112 34
104 330 90
104 370 95
104 843 23
104 1381 23
104 2084 9
105 116 70
105 518 66
105 620 75
105 641 45
105 684 77
105 788 78
105 1054 100
105 1173 86
105 1338 17
105 1687 12
105 2096 90
106 127 49
106 145 48
106 223 95
106 254 68
106 333 73
106 355 39
106 562 82
106 636 76
106 807 27
106 868 11
106 1049 92
106 1247 72
106 1341 38
106 1435 42
106 1447 19
106 1586 34
106 2013 41
106 2183 35
106 2312 5
106 2428 87
107 163 44
107 261 32
107 356 60
107 504 60
107 536 59
107 542 55
107 808 63
107 1066 80
107 1291 13
107 1355 6
107 1776 72
107 2130 83
107 2244 56
107 2377 15
108 156 27
108 262 89
108 608 21
108 945 5
108 949 66
108 1476 21
108 1649 76
108 1736 62
108 1918 39
109 144 50
109 240 94
109 316 60
109 515 35
109 555 37
109 623 68
109 716 56
109 855 99
109 873 39
109 1073 83
109 1368 14
109 1539 83
109 1764 52
109 1952 80
109 2167 83
109 2311 13
110 139 51
110 642 98
110 677 54
110 820 97
110 850 39
110 1256 84
110 1713 84
110 1748 20
110 1827 2
110 1842 86
111 182 5
111 184 52
111 403 14
111 522 43
111 524 59
111 601 59
111 686 2
111 1446 77
111 1577 89
111 1870 7
112 120 28
112 384 68
112 613 89
112 1567 61
112 1742 84
112 2118 43
112 2472 51
113 157 56
113 340 38
113 552 2
113 603 21
113 709 69
113 750 88
113 770 80
113 830 35
113 967 89
113 1111 22
113 1185 96
113 1190 93
113 1261 40
113 1410 99
113 1658 86
113 2036 70
113 2151 97
113 2444 85
113 2477 91
114 213 51
114 260 29
114 273 52
114 309 11
114 344 100
114 397 94
114 696 30
114 725 37
114 913 76
114 1001 48
114 1118 74
114 1158 66
114 1190 86
114 1285 77
114 1314 45
114 1317 2
114 1430 94
114 1507 99
114 1537 70
114 1799 71
114 1855 100
114 2013 96
114 2143 57
114 2343 46
114 2363 56
115 117 46
115 123 56
115 153 22
115 155 63
115 160 100
115 240 36
115 245 20
115 264 69
115 399 57
115 416 87
115 512 17
115 525 25
115 807 80
115 987 42
115 1048 61
115 1132 22
115 1183 97
115 1280 50
115 1612 39
115 1733 100
115 1848 72
115 1935 76
115 1938 94
115 2060 1
115 2196 57
115 2490 1
115 2492 90
116 137 33
116 145 50
116 173 82
116 229 56
116 295 81
116 304 33
116 420 47
116 574 30
116 835 50
116 1078 53
116 1133 67
116 1141 94
116 1270 75
116 1315 19
116 1372 91
116 1557 86
116 1562 17
116 1646 77
116 1887 12
116 1960 80
117 466 28
117 896 20
117 1737 19
117 2293 77
118 145 37
118 485 76
118 950 92
118 1597 97
118 1865 59
118 2307 13
119 256 33
119 501 23
119 733 16
119 811 5
119 826 34
119 1185 5
119 1492 27
119 1783 77
119 1788 93
119 1912 32
119 2426 45
120 157 3
120 252 21
120 449 74
120 1221 29
120 1475 90
120 2233 75
121 170 80
121 206 76
121 588 77
121 616 11
121 686 19
121 1141 18
122 147 25
122 168 42
122 402 29
122 598 49
122 1897 31
122 2032 57
123 136 10
123 171 37
123 214 31
123 239 93
123 297 18
123 337 44
123 381 83
123 514 96
123 612 16
123 976 69
123 1344 11
123 1415 28
123 1483 68
123 1552 3
123 2083 87
123 2160 3
124 398 18
125 292 18
125 326 20
125 378 94
125 644 21
125 1126 61
125 1368 57
125 1650 13
125 2208 58
126 149 30
126 178 44
126 198 13
126 237 27
126 243 87
126 251 48
126 289 31
126 327 94
126 329 34
126 404 8
126 612 82
126 966 49
126 1110 70
126 1119 37
126 1137 17
126 1156 56
126 1180 76
126 1622 64
126 2016 86
126 2028 18
126 2159 87
126 2190 26
126 2198 4
127 381 70
127 743 85
127 801 74
127 1168 85
127 1340 87
127 1535 100
127 1780 83
127 1828 27
127 1875 59
127 1898 21
127 1939 43
127 2027 93
127 2107 59
127 2204 8
127 2290 100
127 2331 99
128 137 13
128 162 78
128 187 8
128 278 33
128 347 89
128 354 31
128 438 98
128 549 22
128 736 10
128 1147 35
128 1214 98
128 1238 88
128 1266 47
128 1651 19
128 2025 36
128 2347 90
128 2376 70
129 152 1
129 169 78
129 252 52
129 277 57
129 318 92
129 391 5
129 492 39
129 836 66
129 861 66
129 910 38
129 971 66
129 1036 15
129 1053 88
129 1169 28
129 1299 27
129 1435 99
129 1441 4
129 1858 74
129 1859 90
129 2006 27
129 2047 49
130 290 35
130 1356 46
131 196 50
131 204 74
131 232 61
131 308 75
131 472 64
131 765 98
131 842 82
131 961 61
131 1647 50
131 1783 14
131 1797 45
131 1997 14
131 2022 22
131 2135 18
131 2177 29
131 2201 42
132 1034 13
132 1372 47
132 2185 5
133 143 100
133 165 67
133 168 42
133 231 86
133 358 20
133 496 67
133 526 20
133 637 76
133 666 91
133 866 57
133 893 80
133 1009 3
133 1016 37
133 1051 95
133 1055 55
133 1305 28
133 1847 15
133 1959 4
133 2115 43
134 157 89
134 158 22
134 302 63
134 543 33
134 546 100
134 565 52
134 648 29
134 781 38
134 862 100
134 999 27
134 1129 85
134 1179 65
134 1527 61
134 1620 67
134 1682 82
134 2175 79
134 2222 48
134 2391 76
134 2499 65
135 1316 56
135 1653 66
135 1788 48
135 2339 17
136 185 85
136 230 28
136 319 21
136 348 7
136 593 74
136 627 56
136 680 85
136 793 63
136 823 58
136 981 80
136 982 62
136 1074 40
136 1076 78
136 1167 80
136 1318 13
136 1451 83
136 2104 23
136 2415 34
137 622 49
138 857 95
138 946 58
138 1177 10
138 1178 93
138 1527 92
138 1775 18
138 2249 57
139 444 32
139 562 50
139 1326 59
139 2211 97
140 239 72
140 780 52
140 829 66
140 1437 94
140 1694 9
140 1757 90
140 1794 37
140 1900 85
140 1913 42
141 1799 12
141 1988 24
142 245 18
142 274 47
142 356 79
142 367 29
142 384 89
142 386 29
142 405 24
142 521 28
142 816 51
142 817 52
142 837 91
142 1013 18
142 1026 91
142 1256 28
142 1340 58
142 1684 28
143 154 23
143 217 52
143 233 99
143 410 41
143 947 59
143 957 54
143 1017 61
143 1385 48
143 1460 61
143 1462 19
143 1482 53
143 1584 53
143 1823 69
143 1826 87
143 2257 39
143 2320 62
143 2359 37
144 164 5
144 192 8
144 203 14
144 319 20
144 417 37
144 514 98
144 545 20
144 548 20
144 557 53
144 783 64
144 809 69
144 834 52
144 1025 100
144 1061 11
144 1160 40
144 1396 10
144 1433 84
144 1467 83
144 1575 70
144 1587 32
144 1672 48
144 2135 10
144 2229 32
145 391 73
145 933 76
145 941 81
145 1047 12
145 1773 58
145 2128 73
146 373 15
146 430 9
146 464 63
146 579 18
146 601 63
146 946 71
146 1241 28
146 1254 25
146 1333 29
146 1400 24
147 211 60
147 535 80
147 685 48
147 761 53
147 829 40
147 1153 53
147 1230 75
147 1250 73
147 1856 48
147 2021 5
147 2310 87
148 436 57
148 1056 29
148 1903 72
148 2371 35
149 231 59
149 257 33
149 529 41
149 1678 46
149 1867 95
150 186 14
150 191 60
150 300 32
150 653 29
150 911 87
150 1200 71
150 1548 61
150 2121 68
151 484 68
151 490 36
151 1254 65
151 1333 5
151 1397 39
151 2488 45
152 172 23
152 198 87
152 278 74
152 611 63
152 740 70
152 965 95
152 1010 85
152 1041 10
152 1295 77
152 1971 74
152 2412 69
152 2427 70
153 675 63
153 795 59
153 797 63
153 799 14
153 1036 21
153 1582 34
153 2009 59
153 2116 70
154 194 89
154 225 38
154 390 33
154 416 68
154 521 69
154 582 41
154 603 65
154 643 25
154 650 86
154 688 54
154 739 52
154 807 96
154 880 14
154 1796 98
154 1830 63
154 2075 51
154 2296 49
155 176 52
155 351 64
155 404 5
155 444 55
155 591 22
155 659 7
155 990 49
155 1127 100
155 1503 63
155 1512 83
155 1987 74
155 2144 23
155 2221 12
155 2230 60
155 2309 48
155 2409 12
155 2423 60
156 285 43
156 430 97
156 697 22
156 884 98
156 1107 64
156 1121 20
156 1409 19
156 1709 88
156 1737 21
156 2018 80
156 2057 90
157 231 79
157 395 58
157 433 53
157 472 42
157 486 29
157 500 34
157 509 67
157 578 84
157 635 2
157 795 50
157 1006 62
157 1224 64
157 1375 2
157 1586 60
157 1621 47
157 1732 49
157 1884 88
158 175 13
158 288 99
158 666 61
158 675 60
158 980 86
158 1223 49
158 1645 25
158 2167 26
158 2221 89
159 360 74
159 391 52
159 567 16
159 1000 58
159 1123 30
159 1357 75
159 1378 66
159 1422 93
159 1509 11
159 1555 31
159 2353 12
160 462 55
160 1953 86
161 166 65
161 196 33
161 204 68
161 266 37
161 296 54
161 323 61
161 369 94
161 385 44
161 388 92
161 406 20
161 447 16
161 476 39
161 479 81
161 517 97
161 538 96
161 762 54
161 777 95
161 779 29
161 828 46
161 886 71
161 921 60
161 1383 37
161 1607 73
161 1663 3
161 1704 11
161 1984 31
161 2027 26
161 2066 98
161 2086 3
161 2120 60
162 667 4
162 1071 85
162 1695 39
163 174 14
163 197 17
163 707 46
163 708 26
163 1059 82
163 1089 100
163 2043 61
164 254 3
164 971 24
164 1143 13
164 1228 20
164 1353 50
164 1998 7
165 364 11
165 453 28
165 708 17
165 856 75
165 1153 8
165 1258 82
165 1547 1
165 1821 38
165 2199 59
165 2227 47
166 377 2
166 378 45
166 451 54
166 702 6
166 723 97
166 939 18
166 1038 39
166 1335 52
166 1362 57
166 1589 36
166 1615 64
166 1689 70
166 1968 90
166 2005 8
166 2306 67
166 2372 99
167 292 82
167 310 88
167 323 79
167 500 28
167 558 14
167 706 13
167 781 90
167 1120 20
167 1217 37
167 1300 58
167 1414 76
167 1419 4
167 1545 8
167 1939 24
168 216 94
168 238 18
168 424 50
168 497 35
168 503 27
168 962 35
168 1092 2
168 1139 77
168 1357 93
168 2268 88
169 209 33
169 909 53
169 1954 3
169 1982 6
170 177 4
170 179 46
170 334 76
170 360 16
170 380 23
170 421 59
170 694 6
170 746 82
170 901 18
170 985 40
170 1441 85
170 1461 60
170 1676 63
170 1695 80
170 1743 21
170 1993 50
170 2405 32
171 211 54
171 219 6
171 843 31
171 1307 9
171 2469 7
172 243 65
172 376 97
172 742 56
172 845 84
172 1159 64
172 1419 46
172 1443 76
172 1610 77
172 1951 1
172 2288 36
173 504 94
173 676 94
173 733 62
173 818 47
173 944 68
173 1121 84
173 1415 23
173 1942 28
174 218 88
174 584 58
174 693 83
174 1773 80
174 2206 81
175 216 28
175 419 7
175 838 28
175 1146 73
176 286 46
176 295 73
176 411 88
176 663 36
176 778 63
176 864 1
176 1139 65
176 1692 6
176 1711 51
176 1747 61
176 1793 73
176 1967 10
176 2190 15
176 2380 56
176 2387 29
176 2484 55
177 222 73
177 341 30
177 886 79
177 1890 69
178 299 12
178 362 65
178 813 44
178 846 45
178 1424 42
178 1839 8
178 2012 70
179 709 43
179 758 41
179 812 10
179 860 66
179 1106 66
179 1320 84
179 2095 58
180 274 25
180 384 82
180 454 78
180 536 68
180 784 11
180 895 50
180 983 85
180 1077 7
180 1137 6
180 1391 5
180 1393 45
180 1426 1
180 1454 24
180 1600 48
180 1881 26
180 2065 83
180 2361 85
181 200 26
181 212 64
181 262 49
181 265 99
181 468 72
181 847 91
181 1004 65
181 1022 30
181 1283 29
181 1605 15
181 1988 96
181 1999 16
181 2362 44
182 211 54
182 1361 52
182 1821 10
182 2360 83
182 2451 39
183 190 56
183 270 53
183 348 25
183 372 78
183 375 58
183 530 48
183 631 95
183 656 95
183 835 29
183 916 8
183 986 4
183 1006 37
183 1038 30
183 1081 28
183 1145 89
183 1205 75
183 1238 69
183 1264 48
183 1296 20
183 1438 54
183 1572 36
183 2173 99
183 2283 1
183 2340 95
183 2419 60
183 2458 34
183 2470 92
183 2473 58
183 2485 23
184 281 3
184 825 54
184 988 14
184 1312 15
184 1961 29
184 2431 4
185 219 45
185 1159 7
185 1280 84
185 1619 60
185 1915 40
185 1997 70
186 218 20
186 403 2
186 897 82
186 1287 75
186 1696 99
186 2003 21
186 2221 15
186 2382 62
187 220 46
187 312 30
187 405 97
187 523 24
187 747 39
187 785 84
187 1349 80
187 1471 47
187 1581 57
187 1676 79
187 1708 98
187 1984 21
187 2189 51
188 865 74
188 1154 69
188 1483 4
188 1641 44
189 208 53
189 273 65
189 277 53
189 622 94
189 1257 17
189 1464 48
189 2442 74
189 2496 84
190 382 16
191 274 10
191 546 28
191 616 81
191 1354 12
191 1444 45
192 469 38
192 575 39
192 740 93
192 946 97
192 1037 48
192 1280 12
192 1449 25
192 2086 14
192 2460 92
193 235 70
193 322 64
193 460 24
193 697 55
193 698 62
193 869 40
193 959 43
193 1391 45
193 1449 67
193 2134 87
193 2248 4
194 413 73
194 1509 16
194 1800 35
195 226 38
195 364 42
195 532 55
195 918 81
195 1669 83
195 2107 82
195 2115 38
195 2273 39
196 542 15
196 1051 98
196 1061 3
196 1068 41
196 1313 48
197 347 20
197 566 63
197 809 57
197 923 94
197 1474 33
197 1846 40
197 2241 96
198 596 41
198 634 22
198 1125 43
198 1505 63
198 1603 85
200 511 45
201 247 77
201 559 33
201 585 69
201 618 96
201 630 89
201 838 70
201 994 39
201 1538 45
201 1768 82
201 2036 2
201 2153 81
202 721 47
202 773 86
202 859 83
202 1196 31
202 1685 77
203 1440 8
203 1855 69
203 1896 65
203 2322 96
203 2495 62
204 505 34
204 1027 27
204 1172 4
204 1254 49
204 1460 34
204 1553 18
204 1599 34
204 2056 21
204 2391 43
205 295 25
205 343 12
205 457 43
205 691 72
205 765 27
205 1189 4
205 1445 26
205 1714 25
205 2312 97
205 2407 42
206 208 72
206 454 29
206 621 57
206 940 23
206 1578 54
206 1613 81
206 1708 36
206 1768 93
206 2480 85
207 216 32
207 902 33
207 1142 68
207 1284 61
207 1392 86
207 1754 14
207 2043 18
208 527 72
208 1724 94
209 269 56
209 385 18
209 389 71
209 573 56
209 782 73
209 843 68
209 1360 46
209 1433 91
209 1481 29
209 2026 95
209 2116 30
209 2266 78
209 2379 57
209 2412 93
210 256 20
210 407 58
210 446 59
210 471 11
210 788 46
210 812 62
210 921 6
210 995 79
210 1077 78
210 1146 51
210 1178 96
210 1338 93
210 1636 10
210 1643 54
210 1777 13
210 1850 50
210 1929 32
210 2114 24
210 2341 23
212 260 14
212 261 39
212 427 83
212 455 61
212 751 14
212 993 58
212 1198 82
212 2002 66
212 2176 78
213 645 78
213 789 77
213 899 29
213 1181 26
214 371 2
214 692 73
214 2127 63
215 459 34
215 959 30
215 1657 3
215 1911 93
216 293 51
216 417 74
216 1030 26
216 1331 27
216 1637 54
216 1941 53
217 232 70
217 235 81
217 321 70
217 322 56
217 349 68
217 386 73
217 461 36
217 464 91
217 480 38
217 599 94
217 722 27
217 728 76
217 808 73
217 824 20
217 1204 34
217 1248 26
217 1252 60
217 1334 73
217 1459 71
217 1661 35
217 1693 83
217 1827 62
217 2264 75
217 2378 64
218 351 30
218 390 29
218 2256 76
219 548 75
219 1542 91
219 2414 55
220 371 88
220 506 47
220 551 37
220 631 93
220 884 68
220 1267 78
220 1598 3
220 1711 12
220 2123 92
221 270 11
221 404 30
221 699 42
221 738 41
221 1053 58
221 1816 37
221 2050 13
221 2052 32
221 2134 22
221 2136 22
221 2232 39
221 2399 90
222 267 89
222 645 84
222 681 53
222 1041 46
222 1533 2
222 1682 19
223 2098 23
223 2121 40
224 553 5
224 610 50
224 1215 51
224 1329 25
224 1710 12
224 1895 53
224 1949 68
224 2181 93
225 465 96
225 1386 75
225 1644 31
225 1872 3
225 2165 83
226 271 27
226 385 25
226 455 34
226 678 8
226 890 8
226 931 48
226 1243 54
226 1286 92
226 1495 6
226 1544 72
226 1716 33
226 1894 69
226 2051 49
226 2131 97
227 238 22
227 272 87
227 328 84
227 363 8
227 1194 26
227 2046 83
227 2294 66
227 2297 48
227 2328 44
228 919 59
228 1914 56
229 431 42
229 480 95
229 563 14
229 714 91
229 1074 35
229 1326 77
229 1489 66
229 1498 51
229 1710 56
229 1996 2
229 2441 54
230 354 98
230 620 60
231 233 34
231 257 4
231 259 63
231 284 39
231 355 66
231 362 40
231 364 62
231 604 40
231 870 20
231 1082 69
231 1380 87
231 1605 40
231 1721 4
231 1858 44
231 1904 71
231 2355 29
232 558 52
232 1039 3
232 2387 61
232 2463 14
233 821 46
233 1413 68
234 305 50
234 489 75
234 535 35
234 727 22
234 944 44
234 1167 91
234 2124 58
235 573 51
235 762 58
235 1004 33
235 1236 45
235 1335 14
235 1364 70
235 1608 54
235 1925 89
236 715 89
236 1517 89
237 241 51
237 268 67
237 269 34
237 463 11
237 632 62
237 713 54
237 963 49
237 1279 89
237 1786 52
237 2099 32
238 284 29
238 286 55
238 312 58
238 315 54
238 329 92
238 345 15
238 429 11
238 528 61
238 596 92
238 672 47
238 1066 15
238 1142 46
238 1226 44
238 1227 83
238 1265 38
238 1558 30
238 1629 54
238 1852 26
238 1952 4
238 1999 53
238 2224 30
239 1200 48
240 389 99
240 463 95
240 848 55
240 853 48
240 1131 93
240 1483 70
240 1534 33
240 1842 77
240 2068 9
240 2276 62
241 949 73
241 1001 66
241 2404 86
242 511 92
242 923 19
242 2099 84
243 247 46
243 333 25
243 503 46
243 930 62
243 1338 37
243 1868 70
243 1909 81
244 347 86
244 367 34
244 484 81
244 502 54
244 545 83
244 663 68
244 885 33
244 893 66
244 1176 11
244 1433 4
244 1541 12
244 1554 34
244 1880 91
244 2404 36
245 257 60
245 587 54
245 604 67
245 678 88
245 937 6
245 1107 33
245 1757 85
245 2253 44
245 2392 78
246 482 14
247 576 81
247 700 45
247 749 98
247 1194 90
247 1415 100
248 281 66
248 343 27
248 374 46
248 529 46
248 624 48
248 752 48
248 927 83
248 1212 67
248 1719 50
248 1950 66
249 1378 12
249 1466 45
249 1484 21
249 1864 96
250 440 12
250 488 12
250 704 87
250 720 62
250 863 18
250 987 30
250 1109 48
250 1219 87
250 1392 10
250 1807 47
251 943 18
251 1069 17
251 1185 90
251 1556 77
253 254 27
253 518 30
253 532 12
253 615 12
253 753 40
253 973 59
253 1201 84
253 1630 57
253 1683 19
253 2483 4
254 379 65
254 462 76
254 558 20
254 639 11
254 947 96
254 1186 95
254 1386 95
255 346 80
255 565 97
255 1133 5
255 1138 39
255 1739 100
255 1813 37
255 2027 42
255 2281 70
255 2411 73
255 2452 96
256 407 31
256 764 21
256 850 93
256 1049 42
256 1579 44
256 1585 43
256 1765 92
256 1927 36
256 2101 14
257 517 52
257 634 30
258 705 48
258 950 32
258 1171 16
258 1246 8
258 1525 75
258 1910 85
258 2374 3
259 354 85
259 881 66
259 888 67
259 1332 8
259 1374 8
259 1586 8
260 278 52
260 412 93
260 533 83
260 656 47
260 856 75
260 877 99
260 964 28
260 1027 73
260 1290 92
260 1972 67
260 2453 3
261 396 91
261 434 64
261 665 14
261 1817 70
261 1844 2
261 2153 5
261 2304 10
261 2453 99
263 268 59
263 283 59
263 342 26
263 352 29
263 438 70
263 659 67
263 842 95
263 1060 35
263 1174 6
263 1343 32
263 1614 60
263 1793 84
263 1956 71
263 2016 71
263 2058 83
263 2182 65
264 351 35
264 748 39
264 1398 64
265 414 91
265 638 56
265 1058 29
265 1096 60
265 1168 15
265 1285 82
265 1717 38
265 2474 96
266 271 54
266 640 39
266 1322 41
266 1436 62
266 1601 29
266 1665 74
266 1738 92
266 1832 31
266 1847 66
267 330 95
267 1471 76
267 1864 68
267 2076 34
269 317 49
269 509 43
269 852 7
269 1043 3
269 2240 3
270 276 93
270 331 54
270 410 27
270 412 24
270 415 95
270 583 3
270 1069 13
270 1276 89
270 2015 77
270 2088 18
271 328 37
271 443 90
271 651 69
271 744 64
271 830 57
271 837 17
271 887 52
271 895 38
271 964 27
271 982 79
271 1243 29
271 1443 53
271 1450 43
271 1465 61
271 1730 98
271 1807 52
271 1927 95
271 2113 19
271 2327 95
271 2343 75
271 2384 68
272 534 98
272 1455 41
272 1887 34
272 2251 1
273 456 79
273 468 11
273 592 31
273 919 82
273 1152 72
273 1232 94
273 1452 84
273 1703 19
273 2176 86
274 294 6
274 434 35
274 2240 76
275 560 41
275 609 47
275 635 82
275 708 30
275 794 20
275 1350 63
275 1621 94
275 1636 30
275 1877 34
276 299 96
276 333 48
276 418 95
276 844 37
277 792 80
277 1134 70
277 1260 74
278 568 44
278 1470 35
278 1883 19
279 928 54
279 1427 35
279 1653 31
279 1680 58
280 1100 7
280 1128 63
280 1781 6
281 477 43
281 797 19
281 2061 36
281 2344 27
283 719 42
283 772 32
283 942 51
283 1906 24
284 563 10
284 742 1
284 1392 26
285 718 34
285 800 73
285 1418 49
285 2053 62
286 313 72
286 358 18
286 503 1
286 570 30
286 637 83
286 1229 48
286 1303 100
286 1771 64
286 2450 41
287 466 71
287 606 6
287 2120 72
288 422 68
288 452 50
288 494 46
288 525 93
288 801 75
288 1208 1
288 1426 8
288 1888 40
289 917 85
289 1040 15
289 1286 27
289 2416 71
290 568 57
290 642 2
290 703 68
290 925 71
290 1413 34
290 2194 84
290 2476 27
291 592 72
291 1631 96
293 561 38
294 712 19
295 409 7
295 418 21
295 448 27
295 481 49
295 533 88
295 537 88
295 714 74
295 1106 97
295 1221 71
295 1223 33
295 1715 95
295 1717 50
295 1772 36
295 1830 9
295 1911 92
295 1986 13
295 1990 57
295 2361 62
295 2394 49
296 331 39
296 1160 52
296 1401 78
296 1450 12
296 1823 4
296 2176 11
297 392 50
298 441 19
298 576 19
298 930 66
298 1038 22
298 1854 3
299 976 51
299 1105 63
299 1613 10
299 1647 72
299 2310 54
300 350 62
300 571 38
300 634 100
300 754 20
300 936 11
300 1215 34
300 1275 10
300 1325 47
300 1593 54
300 1879 38
300 1917 53
300 2238 14
300 2278 81
300 2377 87
301 362 34
301 810 73
301 1026 34
301 1239 57
301 1448 42
301 1576 81
301 2145 7
301 2245 4
302 377 50
302 850 40
302 965 61
302 1222 100
302 1598 31
303 577 96
303 1136 99
304 368 29
304 485 56
304 867 5
305 731 9
305 767 9
305 823 65
306 458 56
306 1528 71
306 1743 8
306 1771 58
306 2028 54
306 2296 17
307 494 82
307 515 48
307 611 54
307 712 6
307 746 47
307 772 55
307 982 55
307 1777 52
307 2129 63
309 1726 83
309 2381 57
310 336 42
310 383 67
310 593 52
310 1083 96
310 1209 1
310 1585 94
310 1596 76
311 888 69
311 1567 62
312 1155 9
312 2352 40
313 582 10
313 775 93
313 1140 67
313 1662 28
313 2175 35
314 683 96
314 981 11
315 1162 98
315 1960 33
316 470 25
317 330 93
317 625 41
317 647 100
317 986 44
317 1268 63
317 1306 30
317 1579 27
317 1594 24
317 1908 56
317 1975 52
317 1980 68
317 2225 68
317 2370 39
317 2460 99
318 344 97
318 719 23
318 1065 40
318 1218 47
319 991 83
319 2001 93
320 844 62
320 935 76
320 984 10
320 1388 67
320 1425 26
320 1603 52
322 1021 15
322 1501 79
322 1853 82
323 514 39
323 548 3
323 791 53
323 948 56
323 1193 63
323 1379 59
323 1525 95
323 2301 90
324 434 15
324 448 55
324 583 49
324 607 33
324 772 46
324 828 1
324 1052 23
324 1405 35
324 2119 27
325 489 97
325 1687 73
325 1843 35
326 611 38
326 800 43
326 954 86
326 1713 93
327 408 92
327 805 63
327 1090 31
327 1510 59
327 2299 79
328 357 14
328 566 89
328 730 10
328 1277 98
329 1192 28
329 1458 23
329 1693 2
329 1792 65
329 2047 1
329 2125 26
330 476 71
330 694 31
330 866 37
330 871 95
330 930 79
330 2040 69
331 541 14
331 710 73
331 1498 19
332 482 51
332 750 58
332 948 95
332 1255 47
332 1279 85
332 1330 61
332 1643 57
332 1808 67
332 2085 9
333 534 85
333 683 20
334 371 13
334 681 94
334 1199 14
334 1892 56
334 2466 52
335 435 28
335 605 58
335 1049 64
335 1537 53
335 1617 9
335 1631 86
335 1764 96
335 2202 78
335 2324 76
335 2450 11
336 964 93
336 1078 99
336 1704 56
337 1013 60
337 2317 84
338 669 98
338 743 11
338 2078 35
339 392 62
339 1045 14
339 1096 62
339 1310 99
339 1738 29
340 397 25
340 662 19
340 1474 94
340 1735 50
341 1422 58
341 1936 82
341 2142 81
342 352 82
342 386 71
342 409 100
342 580 75
342 657 87
342 783 62
342 919 79
342 1260 81
342 1706 86
342 2323 14
343 387 10
343 396 46
343 458 22
343 652 22
343 695 84
343 704 64
343 1255 2
343 1417 98
343 1518 29
343 2091 87
344 553 25
344 646 94
344 766 88
344 769 23
344 1024 52
344 1302 32
344 1399 95
344 1608 1
344 2059 44
344 2137 96
345 932 81
345 2004 84
346 852 54
346 860 82
346 1491 55
346 1561 87
346 1899 11
346 1903 56
346 2193 79
346 2344 71
347 380 39
347 401 89
347 591 73
347 641 65
347 653 41
347 844 61
347 847 73
347 1032 74
347 1084 66
347 1262 5
347 1704 24
347 2336 25
348 773 48
348 1594 80
348 1637 77
349 539 15
349 624 68
349 979 53
349 2310 51
349 2348 16
350 655 95
350 2259 53
351 575 21
351 762 4
351 868 74
351 2319 16
352 515 30
352 755 3
352 1118 74
352 1683 31
352 1997 52
352 2399 61
353 1094 40
354 657 8
354 691 34
354 882 24
354 898 48
354 1962 81
354 2009 82
354 2141 89
355 734 53
355 748 26
355 751 64
356 379 34
356 559 36
356 595 42
356 649 7
356 731 60
356 942 74
356 1034 7
356 1335 62
356 1794 100
356 2141 84
356 2158 91
356 2318 87
357 1068 47
357 1573 77
357 2209 1
358 571 1
358 951 64
358 1233 19
358 2039 50
359 481 41
359 595 79
359 655 13
359 2209 99
359 2258 35
360 565 3
360 832 98
362 1308 53
362 1701 35
363 366 15
363 377 95
363 549 50
363 1544 13
363 1673 57
363 2331 74
364 1725 36
364 1811 56
364 1919 95
365 674 87
365 858 23
365 1523 34
365 1765 33
365 2283 35
366 479 59
366 693 15
366 751 28
366 796 16
366 1034 57
366 1253 20
366 1493 17
366 1722 100
366 1733 76
366 1779 63
366 1897 61
366 2146 3
366 2471 40
367 1329 88
368 442 23
368 649 34
368 937 55
368 1421 33
368 1765 1
368 1809 75
368 1929 86
368 2096 19
368 2246 88
369 1054 78
369 1103 65
369 1411 4
369 1421 55
369 1552 33
369 2204 62
370 771 27
370 870 11
371 803 3
372 425 3
372 520 15
372 953 90
373 510 67
373 640 10
373 1021 5
373 1116 67
373 1388 43
373 1650 23
373 1828 82
373 2350 51
373 2435 55
374 530 91
374 1080 53
374 1360 66
374 2472 50
375 1059 5
375 1723 85
375 1948 63
375 2146 49
376 536 15
376 916 98
376 1407 80
377 1728 69
378 1030 10
378 1636 27
378 2166 4
378 2319 11
379 717 11
380 976 92
380 1381 90
380 1521 34
381 819 47
381 1615 82
382 387 40
382 590 72
382 1042 45
382 1141 89
382 1569 10
382 2150 23
382 2339 3
383 534 87
383 1728 82
383 1887 94
383 2130 58
383 2173 41
384 439 48
384 1898 80
384 2371 38
385 524 49
385 1500 53
386 1304 88
386 1367 15
386 1744 45
387 440 39
387 688 80
387 721 14
387 752 39
387 1458 52
388 435 5
388 513 61
388 758 8
388 787 56
388 1067 24
388 2317 19
389 602 100
390 411 19
390 467 9
390 516 38
390 583 94
390 1050 80
390 2062 19
390 2383 45
391 1781 78
391 1931 70
392 1627 89
393 629 91
393 656 36
393 834 72
393 1542 75
393 1573 20
393 2210 25
394 717 63
394 1017 33
394 1389 82
394 1481 29
394 1746 96
394 1957 58
395 948 22
395 1148 20
396 451 23
396 495 12
396 754 26
396 955 35
396 1592 80
396 2031 14
396 2061 69
396 2334 66
397 1311 27
397 1410 85
397 1449 38
399 576 22
399 2369 85
400 564 92
400 592 12
400 660 10
400 679 84
400 803 100
400 1445 13
402 896 63
402 1117 56
402 1220 27
402 1655 79
403 432 70
403 566 6
403 1126 69
403 1164 81
403 1500 28
403 1746 48
403 2013 5
403 2228 63
403 2274 46
404 488 86
404 1813 48
404 2328 85
405 562 54
405 959 99
405 1436 28
405 1963 48
405 2447 75
406 499 96
406 628 57
406 768 78
406 802 54
406 1101 50
406 1420 84
406 1494 21
406 1923 66
406 2035 20
406 2295 65
407 570 17
407 1978 61
407 2289 63
408 623 96
408 837 34
409 535 41
409 2481 34
409 2495 81
410 607 7
410 728 70
410 840 75
410 1229 24
410 1738 76
410 2397 11
411 1084 11
411 1432 12
411 1932 30
411 2307 17
411 2446 7
413 554 22
413 835 26
413 2268 73
414 543 27
414 723 62
414 997 92
414 1942 26
415 541 82
415 1108 26
416 575 39
416 831 34
416 922 3
416 1213 78
416 1933 92
416 2326 49
416 2355 8
416 2486 48
417 474 81
417 617 56
417 754 86
417 825 48
417 896 54
417 929 95
417 975 49
417 1272 45
417 2131 46
418 614 43
418 766 3
418 798 65
418 874 15
418 1045 10
418 1265 74
418 1664 24
418 2291 36
418 2358 96
419 1831 91
419 1981 74
420 668 14
420 671 8
420 820 97
420 1162 78
420 1169 8
420 1209 61
420 1274 99
420 1390 13
420 1961 10
420 2198 25
420 2360 33
421 928 80
421 1856 77
421 1966 26
422 1551 55
422 1609 33
423 1022 1
423 1245 30
423 1353 57
423 2178 7
423 2287 34
424 644 7
424 711 51
424 943 51
424 1688 13
424 2185 19
425 990 54
425 1114 56
425 1375 68
425 1662 22
425 1852 73
426 991 47
426 1362 9
426 1640 30
426 1735 89
427 737 54
427 1009 46
427 1699 58
427 2063 50
428 443 54
428 496 49
428 724 53
428 958 81
428 1522 86
429 554 49
429 679 63
429 680 2
429 689 78
429 912 91
429 1005 83
429 1551 44
429 1824 8
430 441 80
430 809 67
430 943 48
430 1134 98
430 1423 31
430 1536 90
430 1977 8
430 1989 98
430 1998 11
431 703 6
431 1237 81
432 903 88
432 906 41
432 974 90
432 1115 93
433 2148 3
434 1102 19
435 785 27
435 998 74
435 1581 60
436 501 62
436 724 88
436 904 17
436 1052 67
436 1231 10
436 1577 53
436 2058 5
436 2082 77
436 2356 16
437 594 59
437 793 15
437 1035 83
437 1411 54
438 749 77
439 555 65
439 1564 15
439 1679 25
439 2180 18
439 2357 11
440 1235 9
441 1617 12
441 1947 2
442 1135 10
442 1182 52
442 1918 63
443 444 98
445 457 47
446 504 31
446 627 97
446 661 54
446 682 67
446 836 24
446 995 4
446 1043 71
446 1364 55
446 1496 100
446 1539 52
446 1562 65
446 1590 73
446 1706 89
446 1913 54
446 2060 48
446 2178 67
446 2206 34
446 2251 14
446 2373 47
447 973 28
447 1314 42
448 1264 43
448 1857 77
450 560 82
450 763 45
450 887 99
450 954 38
450 1050 52
450 1417 33
450 2117 83
451 573 26
451 804 19
451 1014 7
451 2429 31
452 1941 31
452 2440 22
453 1565 59
453 2190 11
454 860 86
455 537 41
455 1362 8
455 1414 43
456 875 45
456 1039 43
457 701 55
457 816 91
458 1150 43
460 846 68
460 1015 100
460 1564 87
460 2201 14
461 550 81
461 814 69
461 832 30
461 1524 8
461 1597 75
461 1643 8
461 1818 75
462 512 13
462 724 6
462 2108 37
463 1012 95
463 1626 63
463 2455 49
464 477 73
464 999 90
464 1955 60
465 737 66
465 763 62
465 962 2
465 2189 74
465 2356 33
466 904 51
466 1056 19
466 1430 42
466 1843 79
467 889 42
467 1660 27
468 624 66
468 1175 57
468 1616 63
468 1969 28
469 495 95
469 586 45
469 876 44
469 1231 50
469 1504 66
469 1617 60
469 2002 37
471 475 55
471 618 37
471 773 1
471 817 62
471 941 62
471 1119 38
471 1147 55
471 1352 32
471 1715 73
471 1778 44
471 1785 12
471 2173 18
471 2326 62
473 1056 27
473 1132 11
473 1618 8
473 2004 27
473 2367 62
474 829 76
474 983 34
474 1546 81
474 1893 48
474 1938 33
475 1093 99
475 1473 55
475 1753 48
475 1814 52
475 2488 89
475 2489 11
475 2490 93
476 1420 1
476 1769 64
476 1814 56
476 2275 40
478 2138 37
479 884 69
479 1207 41
479 1246 13
479 1641 76
479 2213 39
480 1094 43
480 1216 48
480 1543 59
480 1599 29
480 1677 34
480 1862 1
480 1879 90
480 2349 24
481 1094 98
481 1715 63
482 992 56
482 1113 8
483 556 32
483 1731 44
483 2156 59
484 501 85
484 690 34
484 720 72
484 789 32
484 1127 76
484 1456 62
484 1748 26
485 574 62
485 636 72
485 737 47
485 760 89
485 1560 39
485 2342 51
486 867 66
486 1188 37
486 1846 60
486 2218 17
486 2279 5
486 2299 61
487 730 91
487 902 98
487 1046 8
488 621 35
488 1312 73
488 1321 19
488 1969 40
488 2172 78
489 490 74
489 2363 55
490 1340 55
491 1358 24
493 650 52
493 816 93
493 1023 7
493 1438 57
493 1790 94
493 1835 9
493 1895 51
493 2170 84
493 2320 2
494 1095 84
494 1322 42
494 1802 4
494 1862 23
494 2070 43
494 2395 86
495 598 88
495 720 31
495 840 57
495 970 87
495 1097 54
495 1112 22
495 1187 80
495 1196 12
495 1377 15
495 1884 15
496 557 26
496 658 52
496 1123 38
496 2230 93
497 920 27
497 1423 53
497 2268 34
497 2478 84
498 1061 43
498 2198 1
499 1417 90
499 1937 3
499 2165 11
499 2315 67
500 1454 24
500 1605 66
501 1385 62
501 2103 57
502 614 58
502 1649 48
502 1940 99
503 759 62
503 822 35
503 978 84
503 1235 7
503 1352 78
503 2053 59
503 2424 90
504 608 84
504 1063 57
504 1642 2
504 2470 2
505 507 44
505 688 47
505 1261 50
505 1916 14
506 628 7
506 803 55
506 1298 88
506 1614 55
506 2185 16
506 2276 97
506 2383 89
507 1926 91
508 685 69
508 1080 47
509 1105 11
509 1112 50
509 1490 16
510 833 76
510 1743 63
510 2088 77
511 2430 48
512 934 9
512 1122 28
513 606 9
513 725 67
513 734 58
513 779 24
513 1323 9
513 2219 13
513 2226 41
515 1023 38
515 1088 95
515 1202 26
516 1530 6
516 1916 23
517 641 8
517 645 16
517 1156 61
517 1717 19
517 1769 15
517 2232 74
517 2375 62
518 631 27
518 756 26
518 1041 76
518 1400 8
518 1457 60
518 1771 56
518 1946 96
518 2391 25
519 686 24
519 1018 50
519 1032 2
519 1580 2
519 1585 72
519 1904 91
520 1740 32
520 1902 13
520 1937 99
521 883 99
522 1325 56
522 1478 85
522 1549 26
522 2128 86
523 821 17
523 1351 97
523 1504 7
523 1633 70
523 1721 81
523 1838 90
523 2469 39
524 1149 48
524 1202 2
524 1507 82
525 579 21
525 597 94
525 1042 93
525 1384 63
525 1513 76
525 2243 76
526 1593 97
527 590 84
527 659 44
527 732 62
527 1081 50
527 1296 19
527 2162 95
527 2359 77
529 568 55
529 692 63
529 823 29
529 1685 58
529 2076 41
529 2182 25
529 2498 30
530 1255 32
531 1536 98
531 1538 18
531 1554 21
531 2023 69
531 2057 8
532 625 84
532 994 14
532 1644 46
533 968 60
533 1265 20
533 1462 58
533 2410 98
534 728 52
534 804 58
534 915 96
534 1010 57
534 1638 12
534 1639 19
534 1690 90
534 1730 13
534 2265 31
535 585 16
535 861 58
535 1471 67
535 1526 49
535 1540 20
535 2077 5
536 1211 21
536 2458 55
537 2171 48
538 1538 54
538 1930 62
538 2471 63
541 542 8
541 824 91
541 1145 36
541 1891 84
542 826 80
542 963 6
542 2244 5
542 2473 88
543 1058 23
543 1428 22
543 1706 90
543 2007 37
544 552 87
544 554 42
544 1113 42
544 1197 97
544 1578 42
544 1640 50
544 2124 8
545 1439 38
545 2220 7
547 1240 94
548 577 28
548 757 3
548 978 8
548 1547 77
548 1675 34
548 1759 71
549 563 15
549 746 15
549 1003 63
549 1040 12
549 1224 16
549 1307 2
549 1733 99
549 2234 28
549 2499 28
551 603 3
551 2397 78
552 1158 72
553 1921 75
553 2361 34
554 665 79
554 2283 90
555 673 72
555 856 20
555 2397 5
556 761 31
556 839 95
556 909 41
556 1059 51
556 1139 6
556 1165 72
556 1324 13
556 1343 63
556 1461 38
556 1558 80
556 1563 10
556 2026 44
556 2073 54
556 2236 87
556 2396 9
557 1357 50
557 2235 33
557 2355 81
558 765 24
558 867 33
558 917 28
558 1002 4
558 2110 99
558 2327 76
559 2004 50
560 1233 95
560 1317 21
560 1601 8
561 1327 68
563 1293 24
563 1555 28
564 1044 92
564 2390 26
565 1382 28
565 1740 92
565 2311 57
566 1125 44
566 1607 29
566 1971 77
567 1510 81
568 1421 43
568 2421 18
570 622 68
570 910 63
570 1016 79
570 1048 46
570 1070 61
570 1734 79
570 2302 23
571 1423 94
571 1749 20
572 806 40
572 996 60
572 1099 45
572 1161 17
572 1533 41
572 1604 75
572 1940 100
572 2098 64
572 2192 95
573 1783 70
573 2388 3
574 1103 28
575 1465 83
576 1448 24
576 2022 2
577 2373 83
578 689 23
578 1069 60
578 1317 47
579 814 94
579 1508 90
580 696 46
580 1363 87
581 642 91
581 1437 27
581 2293 80
582 892 52
582 1369 73
583 627 50
583 767 35
583 1028 61
583 1516 40
583 1798 35
583 2441 4
584 648 71
584 768 27
584 873 46
584 2340 31
585 905 59
585 2235 90
586 633 44
586 822 92
586 1974 10
587 1600 15
588 1258 33
588 1668 60
589 993 44
589 1708 13
590 938 13
590 1651 41
590 2029 81
591 869 16
591 1127 77
591 1297 24
592 1182 79
592 1523 59
593 1246 95
594 1035 7
594 1225 49
594 1248 20
594 1582 7
595 1579 4
596 661 83
596 899 28
597 677 48
597 2489 64
598 894 18
598 1016 6
598 1762 59
598 1867 27
600 1472 56
600 2188 78
600 2196 23
601 664 93
601 712 24
601 957 88
601 1143 10
601 2469 87
602 1214 53
602 2145 63
603 1162 9
603 1802 82
603 2236 28
604 935 97
604 1831 47
605 1569 43
605 1571 2
605 2055 6
605 2413 49
606 670 44
606 760 72
606 1245 13
606 2367 9
607 744 38
607 1017 5
607 1361 91
607 1749 46
607 2314 60
608 2479 98
609 933 21
609 2071 77
610 912 31
610 1497 70
611 639 32
611 654 95
611 660 32
611 2309 36
611 2434 36
612 1719 33
612 1836 57
613 2256 79
614 701 29
614 739 100
614 1284 48
614 1472 66
614 1589 5
614 1661 44
614 1857 91
614 1945 10
614 2062 6
614 2228 54
615 873 75
615 1064 47
615 1613 78
615 1891 23
615 2087 72
615 2160 20
616 639 11
616 1104 37
616 1931 13
617 758 71
617 2351 93
618 1306 50
618 1725 2
618 1928 28
618 1972 99
620 738 42
620 849 27
620 1149 50
620 2245 52
620 2425 69
621 662 43
621 681 3
623 794 76
623 988 61
623 1448 3
623 2427 79
624 1675 84
625 832 53
625 1182 29
625 1188 45
625 2350 1
625 2454 39
626 901 70
626 1164 70
626 1230 73
626 1652 66
626 2435 41
627 906 24
627 1122 90
627 2025 40
628 1222 87
628 1342 25
628 1634 90
628 1709 24
628 1751 29
629 1698 89
630 640 56
630 655 99
630 707 13
630 1071 97
630 1673 70
630 2303 79
630 2389 77
631 1120 74
631 1243 51
631 1398 31
631 1820 94
631 1870 21
632 996 13
632 1062 46
632 1198 21
632 1432 75
632 1485 62
632 2346 44
634 810 20
634 879 1
634 956 63
634 1497 66
635 971 48
635 1091 49
635 1302 81
635 2139 53
637 1441 25
637 1859 99
638 684 43
638 891 14
638 1450 99
638 2437 36
639 2219 30
639 2454 68
640 1851 93
641 757 43
641 926 63
641 1995 78
641 2396 47
642 2058 2
643 692 81
643 1005 42
643 1030 59
643 1046 40
643 1874 48
643 2292 47
644 1486 61
644 2476 56
645 774 30
645 1148 91
645 1491 68
645 1534 80
645 1734 68
645 2078 41
645 2442 75
646 935 88
647 1407 38
647 2351 54
649 1199 45
650 994 95
650 1003 42
650 1816 71
651 1479 25
652 1982 37
654 1261 16
654 1294 34
654 1660 33
655 717 84
655 1290 6
655 2079 17
655 2322 11
656 1120 76
658 1054 18
658 1336 30
658 1675 67
658 2303 97
659 667 47
659 795 65
659 820 78
659 1489 63
659 1688 45
659 1873 95
660 1278 73
660 1447 52
660 1656 87
660 2161 91
661 769 66
662 1629 51
662 2165 15
663 992 92
664 689 5
664 909 9
664 1012 45
664 1389 65
664 1525 16
664 2057 44
664 2313 12
664 2424 69
665 979 9
665 1305 13
666 1117 93
666 1684 94
667 1611 33
669 1297 80
669 1646 82
670 1098 22
670 1578 45
670 2335 64
671 819 67
672 913 32
674 1447 90
674 1492 93
674 1834 80
674 1875 55
675 870 2
675 1796 36
675 1958 79
676 1092 9
676 1650 3
677 798 58
677 1206 19
677 2476 17
678 753 32
678 872 4
678 939 31
678 1007 48
678 1124 59
678 1276 55
678 1568 91
678 2166 32
678 2224 16
679 1795 87
679 2210 10
680 836 5
680 952 92
680 1592 34
681 1328 27
681 1560 23
682 1072 86
682 1138 79
682 1630 30
682 2070 32
682 2241 17
682 2258 52
683 995 1
683 1306 58
685 790 73
685 1404 41
685 1526 66
685 1836 26
685 1973 32
685 2372 83
686 815 59
686 849 51
686 1476 8
686 1477 34
686 1755 94
686 1804 15
686 2067 96
688 1100 43
688 1257 69
689 1327 12
689 1670 6
690 2174 31
691 828 52
691 1791 5
692 2136 23
692 2305 20
694 2123 78
695 1604 86
696 699 37
696 902 61
696 1029 54
696 1313 56
696 2075 27
696 2086 53
696 2242 77
697 715 60
697 1029 47
697 2194 78
698 1031 34
698 1033 100
698 1193 60
698 1242 18
698 1837 72
698 1876 25
698 2162 87
698 2254 36
699 1511 17
699 1726 1
700 726 15
701 1136 83
702 934 31
702 1129 49
704 969 92
704 997 45
704 1201 6
705 1919 35
705 1967 37
705 2498 88
706 1642 12
706 1671 30
706 1682 22
706 2065 87
706 2416 12
707 766 33
707 1382 40
708 1167 14
708 1418 49
709 1086 61
709 2463 67
710 1320 16
710 1560 99
710 1663 7
710 1880 42
710 1956 98
710 1957 51
710 2330 86
711 785 90
711 1105 36
712 1011 27
712 1853 7
713 1057 14
713 1967 24
714 1319 31
714 1345 32
715 1144 61
715 1214 84
715 1737 6
715 1819 41
716 1168 1
716 1478 43
716 1817 39
716 1920 24
717 815 21
717 1281 50
717 2304 48
717 2344 11
718 931 72
718 2023 50
719 730 67
719 1028 59
719 1225 75
719 1402 10
719 2305 57
720 1211 82
720 1516 36
720 2132 40
721 1383 66
721 1464 62
723 1210 58
723 2133 65
724 755 81
724 1020 19
724 1073 87
724 1084 22
724 1304 93
724 1812 74
725 2181 52
725 2311 98
726 1603 96
726 1799 85
726 2278 38
727 1176 34
727 1410 36
727 1428 33
727 2031 15
727 2483 64
728 1440 23
728 1611 91
729 2120 5
729 2263 25
731 1779 64
731 1832 23
731 2384 68
732 1405 54
732 1775 4
732 1813 78
732 2102 44
733 743 21
733 774 73
733 2341 45
734 897 25
734 1316 40
734 1499 97
734 1863 6
734 1982 66
734 2064 71
734 2396 10
735 1581 16
736 922 78
736 1696 19
736 2410 44
737 1786 51
737 2249 100
738 1490 41
739 1159 90
739 1459 69
739 1591 44
739 1684 18
739 1885 68
739 1925 66
739 2072 47
739 2291 94
740 1536 97
741 1994 10
742 1388 20
742 1535 44
742 1583 81
742 1754 2
742 1910 35
742 1917 43
742 1941 45
742 2081 99
742 2104 42
742 2139 38
742 2163 9
743 804 6
743 916 59
744 1007 56
744 1140 81
744 1686 7
744 2104 27
745 863 35
745 1164 41
745 1583 66
745 1919 8
745 1953 37
746 1111 73
746 1514 49
746 1517 44
746 1790 75
746 2214 50
746 2445 21
747 2079 1
748 972 60
748 1022 27
748 1083 89
748 1087 59
748 1871 37
751 2098 57
751 2207 94
752 1546 55
753 942 86
753 1822 18
753 1933 23
753 2385 91
754 1130 89
755 799 76
755 1218 78
757 1363 38
757 1409 23
759 1324 71
759 1541 79
759 2088 65
759 2271 44
760 839 59
760 874 32
761 1923 67
762 1166 65
762 1171 55
762 1191 8
762 1501 74
762 1744 64
762 1778 23
762 1806 81
762 2008 84
762 2019 17
763 1011 46
763 1283 64
763 1657 83
763 2463 75
764 905 98
764 1655 71
764 1758 15
767 865 91
767 1111 99
767 1892 90
768 1355 29
768 1389 7
768 1470 87
768 2001 67
770 1629 16
773 993 18
773 1268 91
774 1439 16
774 2068 84
775 1472 42
775 2197 63
775 2314 47
777 950 54
777 1234 42
777 2071 16
778 1262 51
778 1658 69
778 1709 92
778 2428 46
779 1066 34
779 1455 34
779 1562 94
779 1711 84
780 1133 54
781 932 38
782 1249 71
782 1657 45
782 1671 30
782 1761 40
782 1920 91
783 869 90
783 1024 64
783 1312 93
783 2253 77
784 1932 94
784 2260 66
785 865 94
785 1268 10
785 1565 83
785 2169 13
785 2305 83
787 920 77
787 1116 96
787 1146 90
787 1843 68
788 1438 71
788 1563 73
788 2223 3
788 2323 86
789 955 51
789 1549 51
791 1109 38
791 1463 76
791 1849 46
792 799 42
792 2413 41
795 813 35
795 1901 51
795 2112 41
796 1171 97
796 2325 78
797 1353 71
797 2205 100
799 1756 74
799 2366 34
800 1195 51
800 1263 78
800 2133 28
801 940 65
802 1594 95
802 1907 10
803 821 89
803 827 16
803 854 88
803 1446 70
803 1748 21
804 2183 44
804 2499 63
806 911 72
806 1841 72
807 1301 7
807 1954 7
809 1513 46
810 1323 42
810 1661 32
811 1339 13
812 1334 2
812 1902 81
812 2052 3
814 878 27
814 2032 34
814 2266 26
815 2279 89
816 1753 17
817 1085 60
818 1180 81
819 1250 63
819 1779 13
820 1656 63
821 924 88
821 934 58
821 1425 35
821 1948 21
821 1958 80
822 925 60
823 1065 7
823 1360 27
823 1408 4
823 1830 34
824 845 90
824 900 87
824 1031 5
824 1925 48
824 2168 12
825 2157 65
826 921 20
826 1559 4
826 1674 71
827 1328 13
828 945 98
829 1108 12
829 1315 69
829 1321 17
829 1366 100
829 2260 27
830 966 81
830 1042 29
830 1161 97
830 1356 55
830 1712 87
830 2214 13
831 1680 19
831 2231 9
831 2444 72
832 1606 45
832 1707 12
832 2478 16
833 2179 95
834 931 52
834 1015 74
834 1058 83
835 967 44
835 1172 71
835 1898 23
836 861 12
836 897 2
837 845 70
837 965 50
838 866 34
838 914 84
838 1173 8
838 1668 41
839 1459 61
839 1760 30
839 2007 89
839 2109 67
839 2157 38
839 2200 83
839 2346 83
839 2360 91
841 1385 16
841 2069 16
841 2408 7
842 2241 97
843 1236 22
843 1761 46
844 1343 97
844 1752 93
844 2237 60
844 2422 99
846 920 77
846 1288 16
846 1344 92
846 2417 47
848 859 87
848 1394 78
848 1429 33
849 1196 37
849 1834 82
851 893 8
851 1523 39
851 1590 89
853 1839 21
855 1444 34
855 2091 23
855 2459 33
856 1151 65
856 1299 15
856 2163 51
856 2282 28
857 1426 76
860 878 90
860 1413 31
860 1825 99
860 1826 2
860 1877 43
861 1132 10
861 2378 51
863 1513 72
863 1632 100
863 1762 28
863 1828 62
863 2005 98
866 1865 98
867 1244 3
868 2273 22
868 2467 3
869 1477 62
870 1377 95
870 2200 12
871 929 81
871 1461 2
871 1532 19
872 1237 100
872 1719 74
872 1934 90
873 1091 36
873 1770 12
874 996 55
875 1191 67
875 1351 27
875 2131 90
878 1487 35
879 1047 48
881 979 33
881 1065 53
881 1231 10
881 1258 44
882 941 27
882 1055 83
882 1205 16
882 1487 92
882 1488 67
882 1530 15
882 2262 100
884 1557 33
885 1072 36
885 1102 98
885 1152 40
885 1479 1
885 1904 41
886 1522 84
887 1649 86
887 2066 46
888 908 40
888 977 26
888 1151 98
888 1512 21
888 2370 24
888 2410 79
889 900 88
889 1774 25
890 1697 89
891 1008 40
891 1780 56
891 2409 96
892 1327 65
892 2406 84
893 2399 45
894 927 9
894 928 46
894 1194 22
894 1245 9
894 1924 58
894 2215 25
894 2471 21
895 1027 28
895 2423 72
896 1000 68
896 1015 30
896 1161 20
896 1373 22
896 1942 30
896 2005 91
897 1213 36
898 924 20
899 974 3
899 1048 22
900 2037 9
901 1606 90
901 2075 39
904 1869 89
905 1729 97
906 927 99
906 1250 77
906 2152 67
906 2208 48
906 2443 76
908 1278 38
908 1508 72
908 1911 50
909 2154 90
910 2462 6
911 1289 37
911 1785 43
912 1086 34
912 1145 69
912 1989 26
912 2239 49
913 1781 61
913 1951 58
914 1469 86
915 1226 36
915 1864 58
915 2451 46
916 1206 66
918 969 22
919 1083 44
919 1899 23
919 2034 81
920 1008 52
920 1100 34
920 2067 24
921 1158 25
921 1424 76
921 1570 1
921 1991 39
923 1003 1
923 1055 28
925 1076 100
925 1085 30
926 2407 86
927 1406 44
929 980 69
929 1442 37
930 1558 84
931 1165 3
931 1217 99
931 1975 60
932 1846 87
933 1804 11
934 1113 62
935 975 65
935 1559 32
935 2224 76
936 2277 56
936 2428 46
936 2455 59
937 1063 26
938 1404 98
940 1309 100
940 2162 89
941 1548 3
941 2403 56
942 1606 22
942 1876 94
944 1608 18
944 2042 73
945 1609 60
947 1160 28
948 1088 22
948 1299 46
948 1533 5
948 2247 100
949 1004 1
949 2400 75
949 2426 30
950 1220 24
950 1857 64
951 1316 11
951 1702 77
951 1858 65
951 2064 14
951 2083 100
952 970 91
955 1359 24
955 2429 43
957 1103 34
957 1348 89
958 1940 53
958 2350 8
958 2425 97
959 1331 48
959 2249 15
959 2270 54
960 1047 79
960 1184 49
961 1110 80
962 1228 30
962 1444 75
962 1975 75
962 2048 72
962 2439 21
963 2474 41
964 1723 51
965 1307 83
965 2012 61
966 1469 96
966 1873 79
966 2313 43
967 1705 26
967 2189 79
968 1685 40
969 1403 48
970 984 87
970 1346 67
973 1774 48
973 1952 20
974 1093 46
975 1318 31
975 1764 16
975 2205 20
975 2308 20
976 1023 32
977 1908 23
979 1575 21
980 1272 65
980 2217 33
981 2261 63
982 1689 64
982 1907 68
983 1345 65
983 1514 59
984 1180 8
984 1494 4
984 2125 32
984 2158 10
984 2280 98
985 1633 5
985 1990 83
985 2210 16
986 1479 95
986 1615 15
986 2008 44
986 2149 26
986 2316 15
988 1019 93
989 1364 50
990 1773 54
991 2407 73
992 1271 97
992 1532 98
992 1731 41
992 1805 50
992 2042 69
993 1007 53
993 1379 88
993 2375 49
994 1293 2
994 1922 69
994 1938 88
994 2212 22
995 1072 9
995 1175 73
995 1349 41
995 1488 48
995 1524 30
995 1785 56
995 1933 73
995 2029 78
995 2431 79
997 1375 93
997 1934 23
999 1798 73
999 2200 3
1000 1359 88
1000 1402 52
1002 1282 49
1002 1868 71
1003 1082 30
1003 1213 72
1003 1323 85
1003 1520 37
1004 1150 9
1004 1674 18
1004 1866 39
1004 2174 48
1005 1114 43
1005 1531 5
1005 2247 73
1005 2451 45
1006 1396 100
1006 1529 18
1009 1330 38
1009 2122 12
1010 1187 24
1010 2188 34
1011 1430 3
1012 2072 7
1013 1076 76
1013 1179 24
1013 1996 90
1013 2049 39
1016 1344 43
1018 1718 38
1019 2105 58
1020 1309 17
1021 1189 96
1021 1900 53
1022 1412 88
1022 2338 20
1023 1503 8
1024 1451 55
1025 2100 99
1027 1714 80
1028 1184 31
1028 1468 13
1028 1514 90
1028 1623 21
1028 1736 93
1030 1734 61
1030 1917 98
1031 1540 58
1033 2398 40
1034 2157 77
1035 2184 90
1036 1365 10
1036 1694 20
1036 1893 6
1036 2242 77
1036 2461 73
1038 1604 2
1038 1803 13
1038 1861 67
1039 1531 70
1039 2264 73
1040 1872 36
1041 1571 53
1042 1395 21
1042 1487 63
1042 1517 100
1042 1668 46
1042 1789 20
1044 1240 76
1044 1692 46
1044 1806 58
1044 1820 67
1046 1429 11
1046 2324 28
1047 1947 34
1048 1172 36
1048 1336 73
1048 1414 63
1048 2081 10
1048 2354 74
1048 2477 30
1049 1208 42
1049 2411 36
1050 1574 94
1050 1673 89
1050 2486 76
1051 1398 71
1051 1909 31
1051 2177 54
1052 1789 68
1053 1210 29
1053 1755 81
1053 1905 6
1053 2182 98
1056 1669 29
1056 1972 78
1056 2187 49
1057 2118 30
1059 1929 3
1059 1970 51
1059 2418 21
1062 1670 37
1062 2073 84
1062 2080 93
1062 2245 23
1062 2346 64
1062 2433 42
1063 2371 11
1064 1292 23
1066 1115 53
1066 1416 17
1068 1924 79
1071 2063 54
1072 1520 66
1073 1403 8
1073 2079 38
1075 1926 69
1076 1104 66
1076 1115 37
1076 1521 8
1076 1968 41
1078 1238 23
1079 1087 35
1079 1403 40
1079 1408 48
1079 1702 18
1079 1849 47
1082 1144 67
1082 1177 43
1082 1531 90
1082 1871 64
1082 2152 33
1083 1494 71
1083 1680 68
1083 2054 52
1083 2081 74
1083 2169 66
1084 1510 48
1084 1543 82
1085 1266 93
1085 2097 88
1086 1815 59
1086 2345 63
1087 1691 13
1089 1702 22
1089 2006 46
1090 1451 80
1091 1399 10
1091 1776 97
1091 2090 73
1091 2211 55
1092 1886 96
1092 2020 33
1093 1774 64
1093 2000 92
1094 1402 80
1094 1994 52
1094 2039 100
1095 1681 16
1095 1723 76
1095 1836 91
1096 1119 68
1096 1712 35
1096 2106 95
1097 1624 93
1098 2320 65
1099 1124 81
1099 1380 98
1099 1467 55
1099 1703 52
1099 1980 34
1099 2191 32
1099 2303 33
1100 1384 17
1101 1595 50
1101 1893 28
1102 2313 20
1103 1275 52
1103 2327 62
1104 1325 17
1104 1407 68
1104 2155 21
1105 1624 46
1105 2186 32
1108 1545 59
1109 1209 65
1111 1242 36
1111 2459 94
1112 1273 99
1112 1569 93
1113 1502 38
1114 1157 68
1114 2243 25
1115 1934 37
1115 2069 88
1117 1252 48
1117 2020 82
1117 2300 20
1118 1564 44
1122 1326 31
1122 2390 49
1124 1187 6
1124 2045 33
1124 2080 88
1124 2275 69
1125 1970 83
1127 1456 36
1128 1815 60
1128 2014 4
1130 1625 54
1133 1797 41
1133 2054 55
1133 2097 13
1133 2255 91
1134 1634 26
1134 1693 21
1134 1767 100
1134 2011 67
1137 2359 77
1138 1337 3
1138 1346 91
1138 1602 51
1138 2106 86
1139 1153 57
1139 2067 18
1139 2085 68
1139 2473 6
1140 1163 31
1140 1347 49
1141 1256 63
1141 1267 55
1142 1320 42
1142 1437 12
1142 1905 80
1143 1778 7
1143 2101 12
1146 1989 10
1148 1638 85
1149 1193 35
1150 1366 21
1150 1973 62
1150 2052 51
1152 1572 92
1154 2447 51
1155 1249 66
1155 1291 77
1155 1371 63
1155 1922 85
1156 2252 60
1157 1980 49
1158 2302 32
1162 1165 33
1163 1511 51
1163 1800 65
1164 1189 59
1164 1495 73
1164 2024 59
1166 2394 25
1167 1315 78
1167 1964 41
1167 2375 78
1168 1170 2
1168 2461 60
1170 1348 95
1170 2015 5
1170 2233 57
1170 2289 20
1171 1251 14
1171 1810 26
1172 1986 63
1173 1294 25
1174 1637 99
1174 2284 51
1175 1205 80
1175 1217 10
1176 1351 7
1177 1303 74
1177 1507 43
1177 1537 38
1177 1697 18
1177 2059 6
1177 2413 55
1179 1852 62
1180 1274 27
1180 1502 84
1180 1570 26
1180 1688 43
1180 2159 96
1181 1296 85
1182 1202 38
1182 2010 16
1182 2177 68
1182 2186 56
1183 1259 43
1183 1270 45
1184 1290 98
1184 1488 22
1185 1247 45
1187 2097 78
1187 2434 82
1188 1399 48
1188 1780 98
1192 1277 29
1194 1559 16
1195 1401 42
1195 1947 34
1198 1552 24
1201 1805 58
1202 2107 92
1203 2270 43
1204 1695 16
1205 1322 16
1205 1404 83
1206 1382 32
1206 1480 92
1206 1644 2
1206 1712 72
1207 1455 15
1207 1798 98
1207 1939 37
1207 2068 27
1207 2132 21
1207 2147 18
1207 2462 14
1207 2466 25
1208 2003 64
1208 2269 51
1210 1427 70
1212 1457 18
1212 1818 64
1212 1954 34
1212 2322 87
1213 1646 15
1215 1883 100
1216 1275 98
1216 1424 89
1216 2118 51
1218 1224 49
1218 1532 33
1218 1900 2
1219 1835 92
1219 2094 66
1219 2352 85
1220 1854 35
1220 2368 69
1222 1923 93
1223 1667 80
1223 1840 85
1223 2180 72
1223 2229 10
1224 1770 20
1224 1896 62
1224 2238 100
1224 2390 53
1225 1747 30
1225 2040 45
1226 1267 72
1227 2212 82
1228 1963 78
1229 2259 11
1230 1232 4
1230 1950 68
1230 2011 12
1233 1599 37
1233 2332 63
1234 1376 1
1235 2295 76
1235 2321 7
1236 2378 97
1237 1387 59
1237 1527 6
1237 1572 30
1237 1727 67
1241 1630 37
1241 1645 18
1242 1319 14
1245 1732 57
1246 1465 39
1246 1821 96
1246 2149 11
1247 1282 3
1247 1529 5
1247 1808 64
1247 2061 25
1248 2357 32
1249 1722 33
1249 1865 24
1249 2093 12
1249 2216 16
1252 1595 77
1253 1803 49
1255 2096 32
1255 2354 11
1256 2056 5
1256 2487 2
1259 1571 39
1260 2493 78
1261 1467 92
1261 1833 94
1261 2330 16
1262 1747 72
1262 1955 24
1263 1556 36
1266 1337 89
1266 1651 88
1267 2297 29
1268 1486 48
1268 1628 87
1269 2418 77
1272 2431 19
1276 1400 75
1276 1928 36
1276 1930 11
1278 1944 2
1278 2297 50
1279 1974 57
1279 2039 21
1280 1524 100
1280 2480 62
1283 2404 29
1284 1454 95
1284 1796 99
1284 2046 61
1284 2409 44
1285 1470 25
1285 1973 1
1285 2293 9
1286 1464 53
1286 1468 11
1286 1814 23
1286 1914 32
1286 2017 98
1287 1691 69
1287 1854 12
1288 2483 2
1290 1516 52
1292 1966 95
1293 1506 83
1293 2285 63
1295 2076 91
1297 1848 16
1298 1556 33
1299 1341 93
1301 1666 100
1302 1690 93
1302 2366 42
1303 2338 9
1305 2267 71
1307 1332 73
1307 2024 16
1307 2491 68
1308 2445 5
1309 1328 24
1309 2332 68
1310 1377 83
1310 1611 83
1310 1981 44
1310 2416 68
1312 1416 7
1312 1648 31
1312 2205 81
1312 2430 29
1313 1502 27
1313 2482 84
1314 2049 73
1317 2238 97
1320 1769 23
1320 1994 23
1321 2449 5
1322 1809 93
1325 1870 67
1325 2178 69
1326 1588 95
1327 1529 74
1327 2347 78
1329 1475 62
1329 2199 96
1329 2253 61
1329 2280 75
1330 1506 18
1331 2260 25
1332 2308 66
1333 2016 23
1333 2334 43
1334 2134 96
1335 2395 67
1339 1665 12
1343 2103 84
1344 1587 36
1344 1912 47
1346 1587 41
1347 2041 25
1348 1425 25
1348 1724 65
1348 2197 13
1348 2426 31
1349 1354 43
1349 1551 6
1351 2148 45
1353 1431 66
1354 1979 24
1354 2333 42
1355 1485 78
1355 1622 89
1356 1371 26
1358 1482 10
1358 1707 44
1364 1720 89
1364 1758 3
1364 1946 20
1364 2051 44
1365 1745 23
1366 1553 49
1368 1908 75
1368 2144 40
1370 2142 17
1370 2159 48
1371 1825 86
1371 2171 69
1376 1705 32
1379 1716 6
1379 1885 24
1379 1889 42
1380 2438 10
1381 1503 7
1383 1480 36
1383 1595 13
1383 2093 75
1383 2419 87
1383 2493 39
1385 1645 33
1389 1874 49
1389 2274 79
1391 1473 73
1391 1627 44
1391 1731 43
1391 1806 95
1391 2299 58
1392 1477 69
1393 1884 42
1394 1496 62
1394 2265 26
1395 1809 49
1395 2029 25
1395 2094 23
1395 2248 63
1396 1654 50
1396 1671 51
1396 1966 81
1396 2030 18
1396 2348 15
1397 1427 4
1397 2304 56
1399 1478 40
1399 1992 94
1399 2108 53
1399 2156 78
1400 1895 38
1401 1707 30
1401 1824 85
1403 1961 25
1404 1886 79
1405 2103 97
1406 1655 49
1407 1475 3
1411 2142 72
1411 2236 29
1412 1950 36
1412 2280 9
1413 2385 25
1414 1751 14
1414 2193 47
1416 2055 74
1418 2026 36
1420 1659 22
1421 2284 90
1422 2414 6
1423 2215 16
1427 1545 52
1428 2024 19
1429 1485 79
1429 1577 52
1430 1677 56
1430 2406 8
1432 2376 64
1433 1745 91
1433 2193 62
1435 1851 22
1436 1812 98
1437 2084 34
1437 2395 62
1443 2054 21
1444 1890 1
1444 2050 64
1446 1833 37
1448 1453 27
1448 1656 40
1448 1985 60
1448 2044 29
1448 2197 27
1452 2223 49
1454 1635 70
1456 2331 26
1458 1662 97
1459 2255 95
1461 1619 8
1461 1907 99
1463 1851 3
1465 2151 6
1465 2485 72
1467 1568 95
1467 1700 24
1470 1654 41
1472 2239 23
1472 2250 62
1479 1763 38
1479 2171 34
1479 2261 12
1482 2070 98
1483 1591 1
1483 1626 72
1483 1902 51
1483 2191 81
1485 2493 47
1486 2127 9
1486 2358 96
1487 1528 94
1487 1672 16
1487 2292 60
1489 1583 67
1490 1847 11
1490 2218 20
1492 1965 35
1493 1683 7
1493 1721 4
1494 2174 99
1500 2244 39
1501 2420 79
1502 1726 7
1502 1855 99
1503 2380 65
1504 1588 61
1504 1955 52
1504 2105 1
1505 2302 69
1509 2094 40
1510 1515 97
1510 1574 28
1510 1868 27
1510 1946 40
1511 1872 3
1515 2384 60
1515 2424 64
1516 2216 58
1516 2379 51
1519 1625 17
1521 1841 93
1522 1526 17
1522 2014 31
1523 1689 62
1523 2222 26
1525 1964 70
1525 2060 16
1529 1635 2
1529 2031 17
1530 2125 75
1531 1574 26
1532 2277 56
1534 2334 63
1535 1638 35
1537 1920 44
1537 2158 91
1540 2045 63
1542 1714 57
1542 1829 65
1542 1999 1
1544 1640 12
1544 1758 58
1544 1766 36
1544 1869 41
1545 1978 44
1546 2494 44
1548 2161 67
1551 2263 81
1551 2386 15
1552 1863 11
1552 1964 70
1553 2368 63
1554 1592 41
1555 1878 61
1555 2036 2
1556 1755 64
1556 2286 72
1556 2369 19
1559 1885 45
1559 2083 94
1560 2464 45
1561 1691 46
1562 1913 51
1565 2402 17
1569 2485 15
1572 2194 37
1574 1674 70
1574 1845 18
1574 1959 19
1577 1833 13
1578 2048 69
1580 1962 13
1580 2345 42
1581 2290 17
1583 1860 4
1584 2362 98
1587 2393 96
1589 1632 79
1589 2376 30
1590 1759 15
1590 2354 24
1591 1727 14
1591 1914 91
1593 1639 85
1594 2377 19
1596 2394 98
1600 1741 75
1600 1951 5
1602 1751 57
1602 1894 51
1602 2252 62
1603 1888 58
1604 2453 29
1606 1725 52
1608 1681 93
1610 1795 31
1610 2032 49
1610 2381 49
1612 1974 16
1613 2038 42
1614 2132 94
1614 2265 50
1615 1853 31
1620 2315 92
1621 1766 61
1623 1943 53
1623 2100 22
1623 2170 27
1624 2074 77
1624 2089 21
1626 2216 56
1626 2277 16
1627 1832 100
1628 1690 89
1630 2411 1
1631 2414 85
1632 1686 88
1633 1795 37
1634 1953 68
1635 2043 97
1636 1652 46
1636 1666 43
1638 1977 6
1642 2035 42
1644 1844 56
1645 2271 2
1646 1681 23
1646 2421 99
1648 2186 15
1653 2030 89
1657 1686 66
1657 2288 28
1660 1979 50
1664 2497 53
1667 1915 70
1670 1824 76
1672 1760 77
1677 1752 31
1677 2326 12
1678 1722 1
1678 1730 36
1680 2226 51
1682 1845 2
1683 1931 26
1684 2000 6
1684 2287 48
1686 2062 21
1688 1879 14
1691 2225 13
1692 1767 89
1692 2325 63
1692 2464 9
1692 2495 23
1693 1840 11
1693 2255 41
1693 2482 57
1697 1756 8
1697 2139 69
1698 2386 17
1699 1757 1
1700 1701 2
1701 2203 58
1706 1794 86
1710 2211 29
1711 2064 13
1714 1805 22
1714 1889 76
1716 1874 88
1716 2281 12
1725 2480 51
1727 1811 86
1727 1962 74
1732 1976 53
1733 1866 73
1735 2341 26
1737 2318 86
1737 2433 69
1740 2435 48
1743 2336 47
1743 2422 16
1746 1808 85
1748 2213 19
1749 2315 34
1749 2324 40
1751 2234 49
1751 2439 65
1755 2212 24
1756 2465 52
1758 2050 88
1758 2363 22
1759 1976 78
1764 1786 47
1767 2017 31
1770 1996 12
1774 2272 20
1774 2356 74
1774 2496 23
1775 1818 72
1776 2192 8
1777 2439 77
1778 2126 44
1780 2170 84
1782 1826 86
1782 1849 49
1782 1871 63
1782 2429 80
1784 2441 73
1785 1860 35
1786 2124 22
1786 2318 50
1786 2446 89
1787 2298 25
1794 2335 48
1795 2417 29
1800 1965 6
1808 2387 80
1809 2010 85
1811 2340 15
1811 2412 88
1817 2101 63
1817 2489 60
1818 1991 95
1819 1892 67
1819 1992 99
1819 2164 70
1821 2264 53
1822 2119 10
1827 2405 1
1828 1889 47
1834 2112 28
1838 2481 2
1839 2382 17
1842 2003 29
1842 2133 54
1842 2456 81
1843 2220 30
1846 2001 91
1849 2184 15
1852 2456 50
1852 2457 6
1854 2063 61
1854 2077 49
1854 2155 25
1854 2294 23
1859 2143 21
1865 2440 52
1871 2366 84
1873 2444 4
1874 2398 2
1874 2460 25
1874 2468 40
1875 2147 56
1878 2379 28
1881 2294 45
1895 2102 91
1896 2030 26
1902 2228 72
1902 2232 71
1903 2035 5
1903 2246 31
1904 2237 30
1905 2369 77
1908 2113 50
1910 1935 24
1910 2136 86
1912 2106 43
1912 2231 29
1915 2042 87
1918 2140 82
1918 2392 23
1920 2007 22
1925 2290 25
1927 2195 55
1928 2353 81
1930 2049 20
1933 2342 72
1943 2204 12
1945 2114 94
1949 1983 45
1950 2434 85
1953 1995 98
1956 2222 73
1957 2053 15
1958 2044 95
1959 2282 86
1967 2367 37
1973 2289 45
1973 2443 12
1974 2374 15
1977 2316 3
1979 2135 2
1981 2000 58
1981 2141 13
1983 2274 24
1989 2010 97
1989 2402 32
1993 2419 23
1996 2092 100
2001 2491 100
2007 2115 30
2008 2151 70
2008 2312 46
2009 2201 36
2014 2494 75
2015 2130 94
2015 2138 11
2016 2227 44
2025 2365 60
2029 2150 46
2029 2217 46
2031 2203 16
2051 2309 15
2051 2402 2
2052 2085 67
2052 2401 13
2053 2474 46
2054 2269 59
2057 2150 41
2058 2281 97
2060 2095 71
2068 2271 32
2069 2285 67
2069 2314 17
2072 2358 56
2073 2138 40
2075 2192 16
2077 2381 68
2078 2433 83
2079 2259 59
2079 2337 15
2086 2117 50
2086 2368 32
2089 2487 69
2091 2467 72
2098 2231 92
2105 2215 72
2110 2432 24
2112 2465 79
2117 2287 81
2121 2172 40
2124 2128 71
2125 2400 25
2126 2152 19
2135 2252 12
2141 2437 27
2148 2246 2
2150 2257 89
2157 2240 18
2159 2183 73
2159 2279 17
2161 2349 94
2165 2219 96
2165 2292 73
2165 2437 68
2167 2179 20
2169 2239 83
2172 2472 24
2175 2332 45
2182 2338 53
2193 2218 41
2199 2254 9
2217 2450 24
2224 2319 73
2225 2380 35
2232 2308 73
2233 2237 19
2235 2398 30
2238 2321 45
2239 2492 39
2244 2250 83
2248 2272 74
2251 2307 21
2252 2266 81
2263 2448 53
2265 2389 73
2286 2467 59
2287 2470 83
2290 2458 16
2297 2436 93
2298 2408 56
2305 2421 89
2305 2449 78
2316 2446 11
2338 2459 82
2353 2393 70
2372 2457 74
2384 2448 14
2413 2468 88
2436 2497 29
2458 2475 53
2474 2475 71
