1000 2991
0 1 67
0 2 43
0 3 93
0 4 50
0 5 78
0 6 50
0 8 16
0 12 7
0 13 46
0 18 7
0 22 51
0 32 8
0 48 68
0 51 7
0 55 100
0 56 71
0 58 78
0 78 100
0 83 23
0 97 77
0 139 57
0 176 88
0 177 46
0 186 58
0 207 76
0 217 46
0 226 4
0 245 26
0 246 48
0 264 100
0 265 33
0 309 15
0 338 98
0 430 52
0 538 12
0 558 97
0 574 36
0 617 100
0 630 27
0 661 78
0 706 88
0 733 83
1 31 6
1 34 52
1 90 33
1 108 50
1 234 19
1 382 96
1 388 28
1 482 84
1 514 93
1 538 78
1 702 51
1 837 94
1 927 87
1 970 47
2 4 16
2 11 79
2 26 93
2 36 96
2 41 42
2 52 74
2 60 54
2 65 87
2 67 60
2 77 10
2 95 89
2 97 45
2 102 16
2 123 5
2 138 51
2 149 96
2 186 5
2 194 73
2 223 23
2 234 35
2 247 73
2 252 26
2 292 54
2 307 69
2 347 8
2 414 23
2 434 39
2 445 60
2 472 83
2 479 20
2 486 40
2 495 44
2 496 59
2 522 36
2 537 79
2 550 20
2 555 31
2 634 64
2 661 84
2 695 22
2 718 7
2 737 30
2 763 24
2 801 53
2 827 71
2 867 55
2 919 95
2 948 90
2 954 37
2 999 78
3 4 91
3 5 55
3 7 53
3 9 66
3 11 16
3 14 1
3 16 14
3 19 29
3 25 3
3 26 34
3 27 32
3 28 10
3 33 8
3 36 95
3 39 54
3 40 93
3 41 96
3 44 45
3 49 60
3 62 21
3 85 89
3 99 1
3 111 97
3 118 83
3 119 85
3 133 6
3 140 73
3 161 47
3 168 33
3 171 7
3 172 50
3 176 1
3 192 84
3 211 74
3 281 84
3 327 14
3 331 71
3 356 18
3 361 15
3 374 12
3 386 54
3 397 50
3 401 77
3 415 15
3 432 89
3 458 51
3 474 18
3 488 46
3 492 1
3 499 82
3 508 15
3 510 96
3 512 72
3 521 60
3 526 98
3 570 27
3 586 53
3 622 30
3 626 78
3 630 65
3 635 10
3 682 20
3 709 62
3 757 18
3 759 49
3 806 21
3 834 72
3 846 76
3 865 69
3 950 60
3 953 46
4 5 16
4 6 54
4 8 27
4 9 14
4 14 44
4 17 54
4 19 63
4 23 15
4 33 17
4 35 72
4 38 10
4 42 66
4 48 61
4 60 74
4 61 46
4 63 18
4 66 10
4 78 53
4 82 88
4 88 83
4 107 55
4 110 15
4 112 31
4 115 6
4 120 77
4 135 73
4 166 58
4 194 41
4 219 18
4 278 11
4 305 53
4 336 92
4 341 73
4 365 33
4 394 23
4 402 83
4 480 9
4 536 17
4 540 100
4 563 3
4 577 57
4 582 31
4 629 68
4 641 7
4 650 70
4 667 100
4 671 93
4 699 48
4 703 16
4 806 27
4 923 26
4 944 54
4 945 3
5 6 53
5 7 97
5 9 63
5 18 20
5 20 94
5 21 78
5 34 69
5 63 37
5 70 71
5 78 3
5 84 51
5 87 51
5 91 7
5 105 86
5 113 99
5 130 20
5 133 14
5 145 18
5 160 95
5 162 92
5 165 61
5 174 80
5 198 26
5 204 77
5 222 99
5 228 32
5 231 47
5 234 84
5 272 54
5 298 5
5 322 94
5 323 15
5 339 38
5 359 60
5 371 76
5 378 41
5 397 80
5 400 32
5 428 67
5 448 24
5 458 49
5 464 78
5 478 19
5 621 2
5 674 93
5 677 55
5 679 93
5 682 3
5 813 33
5 835 44
5 845 74
5 874 56
5 878 65
5 883 59
5 927 52
5 941 49
5 959 43
5 964 55
5 973 89
5 983 27
6 7 92
6 11 48
6 12 77
6 13 79
6 16 6
6 17 46
6 20 72
6 23 89
6 29 46
6 37 47
6 46 11
6 49 80
6 52 46
6 53 13
6 54 50
6 65 76
6 83 68
6 133 31
6 143 62
6 153 93
6 178 39
6 182 24
6 188 28
6 200 99
6 225 29
6 236 70
6 251 42
6 267 2
6 268 54
6 295 43
6 314 68
6 316 34
6 365 91
6 372 98
6 396 88
6 417 35
6 425 42
6 443 63
6 450 38
6 471 65
6 492 74
6 524 90
6 537 40
6 590 37
6 591 2
6 602 13
6 608 80
6 614 43
6 616 53
6 617 6
6 626 50
6 675 39
6 677 21
6 686 46
6 695 19
6 797 40
6 798 28
6 836 37
6 887 72
6 993 37
7 8 42
7 10 13
7 15 30
7 20 24
7 21 30
7 24 49
7 25 92
7 35 47
7 38 88
7 44 56
7 45 79
7 64 11
7 85 33
7 89 71
7 95 11
7 116 71
7 126 73
7 161 81
7 268 31
7 283 75
7 357 87
7 382 17
7 539 39
7 545 7
7 597 77
7 643 16
7 687 21
7 710 36
7 728 76
7 745 15
7 793 78
7 910 40
7 934 45
8 10 85
8 12 22
8 13 18
8 19 69
8 21 38
8 32 94
8 36 40
8 43 94
8 44 79
8 70 84
8 76 5
8 88 21
8 152 69
8 158 46
8 224 14
8 254 76
8 285 73
8 320 7
8 325 50
8 333 14
8 423 77
8 463 4
8 490 14
8 553 54
8 555 18
8 592 71
8 603 39
8 653 3
8 733 2
8 739 8
8 786 51
8 924 51
8 974 29
9 10 9
9 18 12
9 25 70
9 69 94
9 73 92
9 75 26
9 79 35
9 88 21
9 115 30
9 142 86
9 169 100
9 194 4
9 220 70
9 228 21
9 231 90
9 238 59
9 250 65
9 278 39
9 289 20
9 317 42
9 349 65
9 352 96
9 391 19
9 404 7
9 422 19
9 429 99
9 457 23
9 462 57
9 502 21
9 508 38
9 559 23
9 560 67
9 623 36
9 673 20
9 688 41
9 705 25
9 716 95
9 748 96
9 849 15
10 16 23
10 27 31
10 59 43
10 67 25
10 80 83
10 100 10
10 128 56
10 146 51
10 157 25
10 174 40
10 201 20
10 241 9
10 258 68
10 292 42
10 328 51
10 517 39
10 561 95
10 590 55
10 640 11
10 817 89
10 850 89
11 14 30
11 15 48
11 26 51
11 31 2
11 37 53
11 118 61
11 129 37
11 144 26
11 150 4
11 167 89
11 178 37
11 197 4
11 205 39
11 222 91
11 266 42
11 267 23
11 357 91
11 392 4
11 418 39
11 477 43
11 506 86
11 509 64
11 532 10
11 636 27
11 649 22
11 685 46
11 694 4
11 705 57
11 848 89
11 872 21
11 895 64
12 158 83
12 516 31
12 520 21
13 15 17
13 28 77
13 30 31
13 61 3
13 83 58
13 107 74
13 111 59
13 118 52
13 159 54
13 160 72
13 220 64
13 275 78
13 313 11
13 316 99
13 331 18
13 437 10
13 518 53
13 568 70
13 614 82
13 644 55
13 662 77
13 666 53
13 728 31
13 781 52
13 866 91
13 884 94
13 929 79
13 932 30
14 71 66
14 81 94
14 86 2
14 144 4
14 147 19
14 149 14
14 176 62
14 354 49
14 358 84
14 450 52
14 511 96
14 656 70
14 876 43
15 17 20
15 24 53
15 41 78
15 49 69
15 92 32
15 117 81
15 163 9
15 169 98
15 180 89
15 233 59
15 261 94
15 306 69
15 308 8
15 338 51
15 394 46
15 450 19
15 465 48
15 489 38
15 509 61
15 711 67
15 729 76
15 732 50
15 736 67
15 764 74
15 895 79
15 904 95
16 30 18
16 38 63
16 48 21
16 93 84
16 121 3
16 130 74
16 148 88
16 173 90
16 181 68
16 929 30
17 408 17
18 47 49
18 50 70
18 100 38
18 121 64
18 211 6
18 261 16
18 547 22
18 569 28
18 780 42
18 998 8
19 37 74
19 66 85
19 146 40
19 191 32
19 343 23
19 346 99
19 362 94
19 391 58
19 435 84
19 464 28
19 497 46
19 498 20
19 510 6
19 572 48
19 592 21
19 627 24
19 717 54
19 868 41
19 876 70
19 890 24
19 955 55
20 22 24
20 82 21
20 86 13
20 145 74
20 219 54
20 226 49
20 229 27
20 345 97
20 353 24
20 403 53
20 473 15
20 546 18
20 594 62
20 613 9
20 746 67
20 776 92
21 22 98
21 24 51
21 51 47
21 54 8
21 68 73
21 94 54
21 184 14
21 189 41
21 205 66
21 225 85
21 237 37
21 249 74
21 307 92
21 310 13
21 320 51
21 336 71
21 374 29
21 414 40
21 495 57
21 525 27
21 602 45
21 765 26
21 774 20
21 797 74
21 857 34
21 893 89
21 963 59
21 967 43
21 972 90
22 23 10
22 27 48
22 29 20
22 31 31
22 33 78
22 34 88
22 35 40
22 39 4
22 42 29
22 50 33
22 54 32
22 62 74
22 68 20
22 101 94
22 104 28
22 113 98
22 122 26
22 131 100
22 147 12
22 158 77
22 173 1
22 197 94
22 199 18
22 212 82
22 271 100
22 323 6
22 357 31
22 409 42
22 421 62
22 429 55
22 440 87
22 442 84
22 467 87
22 479 58
22 490 88
22 511 29
22 526 21
22 538 71
22 545 45
22 625 43
22 628 65
22 674 29
22 693 25
22 755 56
22 770 78
22 793 77
22 811 3
22 900 28
22 972 8
22 984 48
22 987 41
23 43 93
23 59 87
23 72 95
23 77 88
23 140 8
23 157 82
23 207 36
23 259 100
23 287 72
23 295 22
23 300 88
23 496 70
23 716 11
23 717 10
23 765 49
23 771 27
23 837 30
24 30 78
24 43 69
24 64 63
24 152 53
24 342 50
24 559 12
24 567 91
24 593 20
24 644 58
24 647 43
24 718 62
24 840 68
24 901 91
24 905 85
25 28 65
25 40 58
25 103 36
25 109 54
25 139 94
25 163 38
25 169 83
25 184 90
25 232 98
25 260 69
25 330 94
25 381 52
25 400 1
25 642 18
25 678 38
25 707 88
25 746 65
25 813 90
25 866 69
25 869 34
26 29 12
26 39 72
26 74 63
26 87 43
26 91 62
26 104 5
26 106 35
26 108 33
26 157 54
26 175 25
26 187 28
26 196 14
26 208 5
26 212 54
26 214 86
26 215 57
26 217 15
26 227 13
26 240 49
26 248 31
26 291 87
26 294 56
26 296 43
26 304 28
26 326 43
26 340 55
26 383 16
26 396 64
26 405 89
26 419 30
26 436 94
26 486 19
26 498 75
26 548 32
26 549 26
26 559 3
26 574 53
26 681 29
26 692 84
26 720 23
26 731 33
26 750 61
26 758 78
26 760 18
26 779 70
26 826 57
26 832 42
26 855 93
26 879 24
26 949 3
26 976 80
27 46 15
27 52 58
27 61 15
27 72 45
27 79 100
27 80 49
27 103 42
27 127 70
27 132 75
27 208 15
27 236 92
27 256 96
27 309 66
27 314 5
27 324 86
27 336 90
27 415 58
27 445 61
27 453 88
27 472 58
27 500 1
27 588 80
27 620 39
27 656 55
27 675 17
27 694 99
27 743 62
27 751 41
27 761 29
27 848 6
27 880 76
27 913 91
28 56 73
28 57 56
28 63 18
28 67 33
28 68 54
28 74 11
28 99 99
28 105 36
28 123 29
28 124 98
28 126 74
28 137 89
28 171 71
28 187 65
28 201 55
28 207 21
28 209 58
28 219 10
28 223 4
28 226 75
28 230 60
28 244 89
28 262 59
28 263 37
28 269 9
28 304 63
28 315 27
28 322 87
28 329 28
28 398 51
28 400 21
28 416 29
28 418 44
28 445 52
28 447 75
28 460 60
28 464 92
28 474 71
28 476 28
28 494 12
28 501 92
28 664 4
28 691 1
28 692 59
28 781 94
28 789 86
28 825 37
28 877 34
28 999 28
29 47 52
29 108 35
29 132 73
29 135 65
29 192 43
29 199 94
29 218 18
29 250 38
29 276 3
29 302 54
29 312 29
29 345 55
29 428 87
29 502 79
29 504 58
29 521 66
29 560 85
29 571 88
29 604 32
29 620 55
29 645 26
29 726 65
29 729 2
29 854 81
29 869 60
29 906 44
29 918 33
30 32 83
30 110 61
30 196 10
30 202 28
30 213 22
30 305 69
30 321 72
30 324 13
30 413 52
30 738 5
30 790 77
30 870 9
30 953 89
31 213 78
31 237 74
31 524 9
31 915 43
32 45 32
32 75 88
32 84 4
32 138 47
32 166 53
32 192 12
32 216 1
32 235 76
32 261 74
32 355 10
32 363 40
32 369 29
32 379 91
32 389 11
32 520 5
32 523 66
32 571 69
32 572 32
32 577 71
32 612 98
32 651 51
32 697 62
32 715 79
32 779 47
32 825 69
32 974 57
33 40 5
33 47 36
33 65 26
33 92 49
33 119 39
33 130 48
33 144 35
33 151 12
33 153 88
33 217 27
33 218 57
33 235 42
33 255 27
33 286 28
33 303 22
33 364 97
33 568 38
33 641 56
33 708 26
33 922 23
33 928 84
34 62 76
34 167 20
34 191 37
34 335 64
34 358 60
34 375 34
34 527 34
34 774 75
34 967 47
35 224 96
35 275 23
35 305 75
35 325 33
35 367 89
35 386 57
35 426 64
35 434 94
35 502 37
35 551 46
35 561 58
35 577 82
35 605 80
35 763 26
35 845 85
35 862 15
35 886 81
35 897 18
36 862 96
37 46 55
37 90 33
37 112 63
37 125 56
37 127 31
37 131 63
37 151 42
37 155 99
37 195 12
37 198 70
37 249 28
37 263 80
37 299 27
37 349 100
37 351 85
37 360 12
37 409 55
37 410 8
37 426 1
37 427 6
37 470 49
37 505 83
37 550 5
37 552 74
37 594 74
37 624 34
37 795 39
37 830 66
37 928 14
37 964 54
38 42 35
38 53 93
38 80 83
38 106 26
38 170 22
38 271 15
38 392 34
38 552 11
38 669 93
38 713 29
38 887 13
38 942 57
38 976 92
39 142 92
39 271 64
39 374 30
39 466 61
39 635 45
39 719 58
39 816 65
39 861 85
39 941 29
40 45 41
40 71 46
40 73 94
40 94 96
40 96 34
40 138 26
40 206 88
40 522 42
40 615 100
40 635 47
40 639 70
40 645 88
40 708 95
41 58 79
41 101 84
41 164 10
41 183 4
41 251 78
41 368 65
41 410 14
41 425 67
41 981 39
42 51 45
42 175 38
42 181 68
42 190 74
42 294 33
42 713 64
42 775 93
42 780 89
42 879 39
43 59 1
43 81 16
43 139 100
43 179 84
43 238 1
43 263 37
43 282 27
43 329 76
43 344 62
43 503 15
43 546 22
43 650 50
43 663 47
43 668 25
43 720 98
43 756 69
43 824 53
43 996 57
44 50 65
44 69 22
44 86 74
44 101 26
44 116 68
44 154 57
44 173 15
44 246 54
44 257 62
44 388 85
44 469 33
44 652 18
44 654 34
44 693 77
44 773 51
44 813 60
44 949 16
45 87 13
45 102 12
45 109 21
45 154 81
45 229 42
45 272 86
45 315 94
45 412 13
45 489 6
45 530 4
45 544 32
45 557 47
45 576 99
45 582 88
45 599 4
45 638 99
45 664 32
45 829 16
45 831 60
45 854 71
45 912 85
45 991 49
46 128 13
46 163 58
46 393 86
46 625 41
46 805 64
47 53 67
47 72 60
47 103 78
47 125 95
47 136 46
47 150 21
47 160 55
47 204 100
47 252 7
47 297 82
47 309 11
47 318 33
47 322 93
47 323 36
47 375 73
47 402 10
47 421 76
47 461 53
47 534 53
47 604 46
47 684 17
47 690 67
47 701 74
47 853 71
47 903 30
47 957 79
48 55 10
48 64 33
48 77 35
48 89 72
48 95 24
48 114 28
48 146 78
48 198 41
48 279 29
48 321 68
48 449 37
48 858 93
49 55 9
49 58 59
49 76 26
49 112 12
49 129 18
49 156 53
49 189 78
49 230 92
49 291 9
49 301 58
49 368 8
49 385 97
49 533 38
49 548 31
49 564 43
49 689 4
49 701 13
49 703 26
49 714 95
49 992 32
49 993 5
50 174 75
50 269 93
50 393 28
50 776 45
50 863 46
51 60 10
51 125 99
51 203 39
51 542 62
51 554 49
51 573 92
51 795 92
52 120 34
52 166 23
52 247 18
52 273 32
52 276 11
52 551 20
52 818 47
52 827 79
52 881 20
52 912 32
53 57 67
53 93 78
53 147 51
53 179 45
53 365 26
53 376 90
53 494 45
53 700 96
53 704 12
53 861 72
54 56 54
54 73 29
54 76 28
54 106 87
54 127 14
54 135 51
54 178 78
54 183 31
54 195 54
54 203 67
54 391 10
54 427 79
54 455 40
54 529 5
54 581 46
54 613 95
54 727 77
54 749 75
54 761 55
54 766 77
54 790 7
54 989 7
55 202 74
55 216 56
55 363 20
55 822 49
56 57 33
56 66 71
56 295 85
56 342 31
56 364 7
56 460 89
56 542 53
56 543 88
57 439 17
58 91 55
58 98 17
58 124 35
58 171 34
58 187 93
58 193 41
58 253 42
58 262 85
58 319 27
58 535 97
58 551 3
58 556 91
58 720 73
58 782 77
59 70 44
59 658 29
59 697 76
59 929 75
60 123 63
60 750 38
60 963 88
61 82 87
61 337 19
61 361 12
61 424 58
61 439 81
62 152 65
62 595 9
62 631 39
62 683 16
63 75 8
63 97 13
63 122 9
63 177 6
63 188 88
63 254 37
63 716 87
63 766 17
63 902 5
64 69 55
64 113 27
64 335 87
64 403 70
64 649 12
64 828 4
64 867 33
65 100 49
66 202 66
66 221 62
66 366 26
66 399 38
66 418 86
66 443 39
66 475 67
66 477 23
66 501 78
66 875 100
67 79 8
67 136 69
68 121 30
68 134 63
68 185 38
68 233 69
68 285 2
68 411 70
68 586 48
68 760 27
68 838 96
69 71 55
69 339 19
69 350 99
69 395 59
69 884 73
69 994 84
70 96 83
70 143 6
70 229 59
70 246 95
71 92 27
71 96 55
71 104 71
71 137 1
71 235 31
71 433 73
71 437 12
71 484 3
71 562 95
71 615 85
71 699 58
71 744 38
72 98 7
72 189 86
72 242 45
72 266 41
72 356 1
72 453 1
72 481 1
72 549 72
72 612 54
72 672 97
72 731 11
72 742 63
72 838 21
72 896 45
73 74 93
73 206 49
73 216 71
73 264 30
73 373 16
73 380 78
73 540 55
73 541 28
73 583 84
73 590 44
73 638 64
73 649 85
73 765 7
73 797 15
74 107 39
74 109 97
74 131 69
74 190 29
74 626 19
74 934 44
74 981 57
75 141 8
75 975 14
76 81 23
76 84 64
76 85 4
76 98 92
76 114 31
76 141 62
76 209 34
76 370 39
76 384 15
76 419 71
76 575 64
76 674 55
76 677 77
76 820 90
76 857 33
76 931 16
76 985 3
77 154 32
77 177 49
77 371 55
77 377 91
77 460 57
77 487 91
77 558 49
77 607 88
77 676 15
77 960 15
78 149 88
78 182 96
78 364 17
78 658 29
78 707 8
78 752 36
78 932 13
79 143 80
79 279 10
79 301 26
79 473 39
79 800 84
80 89 79
80 105 36
80 227 45
80 314 13
80 373 48
80 667 77
80 732 71
80 837 62
81 180 87
81 292 71
81 318 51
81 344 24
81 383 100
81 424 84
81 750 10
81 751 20
81 971 29
82 245 95
82 251 15
82 265 98
82 315 25
82 458 90
82 500 70
82 544 88
82 721 78
82 749 24
84 128 93
84 562 29
84 965 6
85 148 24
85 228 92
85 366 71
85 451 28
85 688 86
85 791 48
85 844 3
85 910 63
85 952 20
85 978 22
86 145 5
86 188 5
86 197 43
86 311 19
86 481 98
86 595 90
86 604 55
86 835 84
86 966 18
87 94 2
87 99 94
87 102 23
87 136 15
87 137 72
87 156 51
87 159 58
87 172 22
87 267 47
87 329 26
87 420 74
87 424 92
87 432 2
87 634 84
87 638 98
87 673 59
87 690 20
87 753 10
88 93 49
88 119 11
88 134 59
88 224 56
88 258 54
88 264 88
88 333 68
88 584 1
88 659 34
88 670 65
88 706 25
88 767 10
88 782 30
88 832 6
88 888 65
88 934 86
89 90 20
89 213 45
89 273 72
89 288 12
89 575 49
89 616 66
89 696 22
89 754 18
89 769 43
90 214 9
90 257 71
90 324 36
90 481 74
90 553 13
90 565 41
90 611 69
90 631 53
90 704 27
90 847 70
90 860 33
90 989 55
91 141 51
91 185 19
91 265 34
91 293 50
91 536 69
91 601 14
92 156 94
92 209 54
92 300 31
92 462 84
93 231 30
93 465 25
93 791 100
94 114 23
94 140 68
94 452 15
94 532 26
94 569 13
94 617 13
94 629 23
94 645 26
94 818 68
94 829 13
95 161 88
95 186 36
95 227 65
95 552 56
96 120 80
96 122 36
96 142 28
96 347 81
96 433 20
96 505 69
96 514 42
96 683 15
96 778 98
96 974 18
97 126 75
97 148 24
97 196 41
97 259 68
97 286 31
97 413 32
97 474 21
97 553 6
97 597 39
97 646 15
97 979 26
98 753 76
98 824 15
99 182 71
99 268 11
99 316 46
99 345 84
99 380 87
99 404 90
99 471 78
99 621 56
99 803 96
100 239 60
100 299 61
100 459 72
100 986 89
101 589 32
101 951 11
102 110 100
102 310 10
102 446 38
103 168 83
103 210 2
103 244 95
103 284 55
103 956 95
104 134 32
104 155 27
104 754 33
105 115 69
105 311 80
105 566 51
105 641 20
105 727 45
105 988 1
106 242 43
106 549 76
106 671 24
106 796 42
107 117 3
107 162 59
107 253 48
107 260 36
107 352 85
107 387 86
107 396 81
107 585 34
107 622 1
107 669 86
107 670 3
107 824 21
108 615 35
108 676 43
109 111 66
109 151 100
109 290 51
109 738 74
110 116 30
110 210 64
110 257 58
110 308 69
110 328 12
110 385 69
110 432 48
110 525 47
110 560 99
110 783 89
110 847 21
110 896 42
111 341 50
112 117 46
113 809 96
114 342 43
114 384 91
114 561 34
115 129 11
115 190 52
115 441 94
115 491 50
115 662 79
115 784 37
115 805 100
115 885 10
115 930 35
115 947 2
116 132 45
116 162 55
116 534 60
116 606 73
116 665 52
116 719 97
116 877 100
116 949 23
117 211 25
117 277 47
118 124 64
118 183 34
118 377 17
118 398 85
118 589 48
118 644 33
118 680 66
118 698 90
118 712 50
118 774 92
119 193 36
119 248 10
119 554 16
119 585 21
119 956 36
120 150 90
120 165 14
120 184 36
120 275 8
120 423 58
120 456 98
120 523 6
120 628 47
120 686 42
120 689 80
121 243 72
121 279 40
121 303 75
121 431 16
121 735 41
122 330 98
122 379 2
122 389 31
122 455 48
122 483 59
122 493 70
122 575 50
123 210 21
123 547 47
123 680 47
123 950 46
124 272 3
124 943 44
125 503 54
125 512 70
125 602 23
125 619 75
126 625 64
126 752 24
127 170 39
127 200 71
127 201 49
127 243 28
127 286 42
127 382 69
127 436 36
127 584 54
127 830 28
127 933 81
128 199 84
128 290 9
128 297 99
128 550 49
128 648 25
128 656 65
128 914 11
129 232 26
129 465 61
129 864 73
129 920 28
130 284 29
131 274 46
131 282 46
131 320 54
132 179 70
132 259 76
132 351 36
133 153 85
133 180 25
133 208 21
133 218 66
133 225 79
133 254 43
133 255 32
133 293 29
133 318 96
133 385 74
133 462 14
133 463 56
133 592 17
133 841 27
133 922 24
134 516 95
134 598 2
135 250 46
135 343 28
135 421 1
135 608 53
136 507 11
136 826 87
137 232 8
137 290 69
138 164 51
138 168 7
138 172 88
138 238 83
138 239 7
138 312 45
138 348 86
138 393 19
138 441 69
138 468 30
138 563 84
138 569 27
138 665 57
138 698 37
138 714 15
138 736 57
138 885 20
138 926 45
138 930 24
138 969 39
139 203 48
139 444 34
139 515 38
139 772 96
140 288 95
140 453 52
140 586 20
140 814 63
140 942 80
142 291 70
142 485 60
142 528 24
142 684 5
142 732 1
142 880 84
143 155 64
143 802 11
144 278 44
144 330 79
144 534 84
144 781 15
144 867 26
144 946 10
144 996 13
144 997 33
145 175 52
145 354 22
145 355 81
145 646 55
145 723 94
145 908 90
145 982 22
146 411 6
146 603 35
146 799 99
148 195 93
148 491 17
148 541 23
148 598 62
148 636 59
148 688 99
148 710 15
149 223 85
149 367 55
150 283 12
150 665 79
151 891 95
152 159 63
152 262 84
153 165 68
153 327 90
153 762 89
153 820 65
154 483 30
154 578 53
155 167 90
155 283 80
155 446 69
155 447 57
155 699 28
155 864 70
155 912 87
156 487 57
156 687 84
157 270 78
157 340 83
157 387 23
157 478 92
157 513 94
157 528 29
157 707 36
157 794 82
157 807 24
158 164 2
158 298 1
158 457 4
158 578 18
158 630 10
158 709 25
159 628 66
159 778 34
160 181 63
160 200 20
160 338 28
160 348 5
160 513 32
160 533 2
161 230 83
161 285 22
161 335 86
161 337 65
161 440 69
161 447 56
161 485 75
162 312 9
162 326 14
162 587 89
162 737 90
162 745 93
163 843 81
163 921 35
164 191 47
164 214 97
164 237 88
165 289 38
165 352 35
165 539 20
165 544 1
165 721 64
165 730 30
166 170 76
166 422 70
166 444 44
166 486 29
166 850 24
167 204 43
167 221 31
167 252 40
167 274 100
167 349 64
167 437 73
167 583 86
167 608 13
167 901 86
168 661 14
168 911 57
169 247 32
169 376 58
169 438 24
169 823 46
170 245 3
170 426 63
170 512 14
170 693 37
170 736 75
171 248 31
171 398 70
171 747 47
171 951 61
172 185 57
172 280 76
172 366 58
172 547 80
172 873 79
173 576 97
173 648 85
173 726 68
173 755 39
173 840 49
173 894 34
173 936 61
174 571 25
174 727 61
174 978 26
175 406 91
175 441 92
175 642 5
176 296 66
176 332 47
176 346 19
176 696 63
178 293 5
178 297 34
178 461 3
178 533 87
178 653 27
178 849 23
180 239 65
180 378 53
180 988 52
181 359 78
181 407 94
181 408 96
181 440 93
181 895 8
181 975 54
181 995 85
183 242 87
183 287 15
183 449 6
183 516 48
183 600 83
184 193 45
184 206 28
184 215 3
184 220 54
184 222 13
184 333 81
184 346 16
184 496 2
184 504 61
184 704 53
184 709 16
184 802 12
184 842 74
184 907 17
184 969 57
185 651 20
186 353 3
187 249 17
187 347 16
187 420 95
187 529 35
188 284 57
188 746 59
188 945 29
189 715 98
190 679 22
190 740 11
191 448 29
191 466 47
191 500 53
191 525 33
191 543 14
191 655 26
191 682 24
191 817 81
191 860 52
191 941 65
191 948 59
192 281 26
192 870 53
193 663 21
194 417 88
194 480 66
195 369 88
195 580 3
195 854 96
196 476 87
196 651 37
196 808 20
196 973 22
197 377 24
197 879 100
197 946 2
198 273 41
198 351 23
198 358 11
198 394 77
198 903 17
199 332 93
199 373 48
199 982 84
200 350 42
200 930 70
200 937 74
202 507 70
202 546 41
202 579 50
202 894 45
203 205 18
203 212 26
203 215 87
203 767 71
204 289 87
204 390 92
204 810 9
205 499 21
205 535 82
205 678 10
205 973 2
206 233 89
206 243 35
206 301 7
206 659 43
206 752 40
206 900 33
207 493 43
207 676 82
208 390 11
208 448 99
208 452 58
208 648 31
208 906 54
208 938 71
209 536 72
209 629 23
210 221 6
210 340 50
210 350 60
210 355 76
210 470 4
210 521 60
210 556 17
210 788 35
210 921 75
210 933 19
212 869 23
213 406 23
213 475 87
213 594 22
213 706 81
213 951 51
215 270 37
215 300 16
215 302 57
215 438 68
215 657 72
215 965 37
216 260 26
216 379 53
216 435 65
216 633 11
216 766 19
216 836 31
217 276 86
217 334 77
217 979 12
218 240 79
218 334 21
218 961 65
218 986 94
219 302 38
219 321 87
219 479 50
219 587 24
220 341 4
220 446 5
220 777 91
221 280 6
221 332 1
221 376 91
221 760 22
222 313 88
222 469 87
224 515 96
224 655 17
224 888 70
224 968 61
225 828 55
225 991 84
227 236 80
227 241 87
227 378 31
227 389 23
227 768 69
227 787 93
228 244 35
228 619 61
229 240 64
229 253 11
229 298 38
229 410 70
229 522 36
229 593 75
229 632 47
229 692 46
229 775 79
229 962 33
231 241 63
231 742 22
232 280 7
232 399 33
232 614 87
232 698 75
232 779 67
233 609 13
233 923 46
233 957 1
234 307 10
234 361 55
234 497 7
235 519 100
235 984 84
236 724 12
236 755 27
237 281 11
237 392 3
237 945 17
238 363 36
238 459 6
239 258 70
239 369 44
239 610 97
240 401 43
240 643 17
241 801 68
242 513 66
242 519 95
243 476 21
243 787 86
245 311 77
245 697 97
245 798 60
245 893 14
246 255 6
246 313 32
246 326 12
246 397 55
246 739 86
246 924 30
247 256 53
248 507 99
249 405 81
249 423 85
249 484 100
249 882 41
250 353 29
250 360 87
250 390 96
250 404 86
250 555 89
250 564 19
250 580 91
250 817 38
251 274 97
251 287 33
251 827 25
251 998 45
252 325 11
252 537 86
252 633 4
252 740 44
252 793 39
253 532 85
253 725 15
253 983 58
254 256 89
254 370 22
254 388 10
254 407 41
254 597 48
254 734 74
254 812 54
254 871 89
254 883 76
255 266 69
255 282 13
255 327 11
256 467 55
256 851 44
256 955 24
256 961 45
257 288 27
257 372 5
257 472 79
257 572 62
257 603 37
257 618 93
257 957 58
258 277 92
258 303 43
258 348 61
258 375 28
258 680 86
258 819 79
258 872 8
259 337 93
259 753 65
259 853 22
260 269 44
260 270 24
260 789 57
260 935 8
261 306 24
261 881 13
261 989 26
263 419 96
263 587 91
263 624 46
263 775 35
264 277 93
265 416 84
265 918 48
266 801 68
267 770 5
268 684 14
269 493 25
269 609 53
269 636 54
269 671 90
270 468 47
270 689 18
271 367 23
273 319 57
273 442 71
273 475 50
273 492 90
273 579 9
274 296 15
275 387 78
275 971 15
276 978 84
277 483 57
277 726 93
278 371 22
278 416 1
278 657 95
279 607 81
280 308 90
280 359 6
281 499 21
281 526 12
281 637 85
282 517 81
282 557 69
283 339 70
283 925 97
284 306 39
284 310 27
284 504 32
284 567 16
284 807 80
284 860 63
284 878 8
284 888 79
285 299 49
285 679 98
285 702 5
285 785 25
288 612 95
289 470 18
289 511 11
289 584 12
289 585 87
289 845 28
289 933 80
290 395 39
290 417 72
290 605 48
291 557 17
291 646 74
291 865 52
293 294 51
293 304 90
293 623 6
294 456 37
294 664 29
294 768 46
294 821 92
294 920 89
295 360 86
295 582 78
295 598 47
295 834 46
295 874 62
295 880 32
295 952 86
296 317 66
296 370 54
296 489 11
296 600 18
296 725 8
296 856 76
298 319 61
298 381 43
298 899 58
299 494 92
299 527 22
299 529 92
299 758 19
299 794 1
299 815 75
300 334 19
300 381 14
300 412 35
300 413 84
300 519 56
300 809 10
301 395 24
301 490 46
301 520 8
301 702 21
301 747 19
301 798 15
301 843 85
301 885 95
301 992 35
302 317 28
302 403 89
302 742 58
302 809 72
305 402 41
306 328 36
307 783 49
308 414 81
308 451 78
308 477 48
308 579 90
308 785 11
308 970 67
309 461 18
310 607 99
310 622 7
312 362 41
312 431 1
312 735 7
313 422 67
313 428 55
313 482 4
313 541 32
313 675 86
313 694 63
313 859 21
313 892 74
315 623 47
315 659 49
316 406 51
316 703 84
317 331 90
317 429 78
317 467 28
317 763 80
317 892 75
317 932 21
318 777 25
318 832 27
319 444 9
319 469 4
319 508 61
319 660 68
320 847 18
320 852 16
321 822 45
321 955 77
322 372 12
322 463 97
323 711 68
323 808 55
324 518 9
324 764 94
324 926 12
325 531 63
326 819 8
327 581 27
327 857 93
327 899 19
328 343 74
329 456 88
329 634 77
329 759 2
330 459 57
331 344 64
331 454 28
331 591 87
331 647 41
331 670 1
331 784 79
331 807 84
331 961 72
332 796 29
333 368 31
333 627 44
333 788 47
334 380 5
336 356 91
336 653 72
336 683 96
336 708 3
336 911 56
337 567 55
339 605 44
340 362 59
341 874 93
342 409 9
342 596 85
342 833 90
343 386 67
343 425 9
343 921 73
345 570 97
345 632 61
345 830 49
345 980 74
346 919 48
346 943 75
348 451 62
348 471 39
348 543 17
348 558 18
348 595 32
349 449 48
350 433 65
350 524 79
350 570 4
350 580 57
350 769 72
351 354 93
351 430 39
351 452 17
351 852 55
351 977 97
352 566 62
353 383 100
353 640 20
353 701 75
355 825 40
356 431 50
356 616 34
357 473 65
357 482 76
357 564 62
357 637 14
357 792 99
357 904 38
358 576 41
358 639 18
360 554 26
362 501 94
363 600 52
363 681 97
363 839 5
363 868 98
365 914 55
365 917 90
366 438 17
366 578 76
366 776 58
366 942 95
368 812 96
369 399 91
369 613 85
369 695 19
369 810 84
369 850 75
370 851 95
371 401 30
372 407 77
372 619 38
373 796 32
374 596 14
375 454 40
376 717 94
377 411 34
377 488 47
377 743 7
377 767 21
377 785 8
377 815 77
377 831 30
377 878 14
377 963 32
377 980 85
378 666 82
378 672 97
378 734 69
379 940 38
380 466 36
380 601 16
380 940 94
381 384 98
381 769 9
382 405 92
384 947 92
386 412 10
386 882 79
386 950 6
386 977 56
388 530 12
388 762 36
389 408 97
389 574 6
389 844 30
391 430 19
391 439 72
391 786 82
391 856 98
391 896 46
392 808 39
395 691 72
396 673 39
398 443 51
398 642 65
398 911 74
402 415 23
404 442 49
404 506 6
404 687 44
406 454 30
406 556 35
406 799 97
407 618 71
408 514 7
411 427 51
411 485 75
413 455 60
413 581 26
413 958 35
416 505 16
416 573 60
416 910 18
417 890 35
418 420 93
418 435 5
418 491 81
418 655 71
418 792 7
418 861 89
418 905 33
418 999 91
419 468 97
419 545 63
419 731 3
419 757 14
421 632 1
422 457 86
424 434 63
424 669 80
424 686 74
424 745 22
424 751 30
424 756 34
424 855 24
426 436 31
426 565 99
426 907 39
426 931 8
429 527 49
429 573 1
429 820 62
431 610 19
431 959 19
432 650 65
433 908 57
434 705 17
436 497 40
436 583 95
436 773 90
437 530 94
437 601 36
439 562 69
440 484 28
440 611 69
440 758 7
441 498 5
441 724 18
441 889 11
445 902 58
446 535 7
447 478 10
448 866 55
448 898 45
448 990 53
449 970 94
450 487 62
450 563 93
451 518 68
451 565 66
454 909 23
456 495 90
456 624 54
456 710 16
459 593 98
461 528 18
462 777 62
463 639 49
463 722 55
463 909 49
464 531 92
464 660 84
464 712 71
464 794 45
465 523 57
465 539 70
465 915 100
466 503 75
466 916 74
466 935 86
467 784 82
467 890 86
468 480 55
468 654 3
468 840 6
469 488 96
469 696 76
473 660 33
474 723 20
474 914 82
476 517 11
476 821 29
478 531 6
478 637 22
479 510 95
481 588 5
483 719 27
483 918 87
484 685 84
484 901 50
484 994 89
486 618 82
487 627 4
489 681 56
490 909 82
491 863 89
491 886 30
491 987 44
492 509 7
492 865 7
493 568 59
495 792 73
496 566 6
496 609 77
498 800 98
499 506 24
499 515 76
502 599 44
502 852 48
504 743 67
504 787 99
504 815 52
504 891 90
504 917 80
504 982 5
505 960 95
505 992 56
506 814 3
506 833 27
507 748 82
509 668 48
509 906 82
509 923 40
509 938 28
511 540 77
512 811 44
514 810 69
516 891 69
517 738 54
517 759 95
517 771 14
517 790 85
517 848 29
519 542 22
519 548 69
519 882 57
522 936 9
524 829 25
525 997 9
526 700 42
526 749 20
527 789 22
530 972 62
531 589 84
531 678 37
532 834 41
534 729 32
535 643 40
535 919 12
538 962 66
539 967 78
539 986 54
540 588 92
542 596 36
542 606 55
542 652 46
546 718 19
548 640 70
548 657 82
550 802 26
551 931 86
552 757 78
552 811 97
552 954 81
554 816 50
555 652 18
555 844 97
557 733 17
558 685 22
559 740 84
561 984 98
562 795 70
563 610 32
563 672 4
563 846 19
564 863 52
565 713 21
567 908 35
569 868 8
570 983 9
571 764 61
571 846 17
573 606 95
573 715 92
574 599 76
574 631 15
574 875 10
577 831 9
577 839 47
578 971 62
579 668 17
580 721 51
583 939 52
585 976 11
586 662 57
586 730 6
586 889 53
587 741 37
587 768 13
587 871 68
587 938 57
588 591 59
588 647 3
588 812 34
590 621 69
590 741 72
591 828 63
591 959 74
592 952 45
593 737 96
594 747 31
594 806 95
595 772 9
595 805 7
595 835 55
595 886 45
596 663 93
596 872 59
596 935 45
598 864 80
598 905 10
599 611 63
599 714 93
601 654 40
602 981 67
604 723 21
604 734 8
604 985 5
607 620 35
610 761 36
613 862 91
614 700 85
619 658 22
619 804 26
619 920 35
620 633 37
620 858 50
620 947 30
621 953 72
624 667 97
624 724 91
624 877 90
625 962 21
627 666 66
627 754 56
628 804 80
628 995 14
628 996 94
629 966 52
631 936 76
634 913 86
639 943 67
640 783 35
640 894 60
641 741 97
646 711 54
646 897 71
647 691 21
648 773 2
649 722 76
649 803 90
649 818 95
650 762 12
651 690 79
651 814 1
651 853 41
651 897 91
652 922 79
652 975 75
654 770 87
657 997 32
665 956 79
666 804 18
671 799 91
674 722 72
674 739 40
675 730 8
677 712 45
678 898 27
680 884 17
682 786 7
682 903 4
682 994 64
683 841 2
686 821 100
687 902 14
691 883 34
691 944 49
696 823 3
697 782 1
699 780 47
701 944 7
703 937 9
705 744 87
705 916 98
706 873 54
706 925 38
707 965 42
708 725 30
709 735 39
709 843 57
718 968 33
719 728 30
719 771 85
719 778 38
719 791 96
720 987 84
721 939 9
725 926 86
725 927 65
725 939 40
726 800 97
726 900 89
727 772 89
734 856 5
736 744 85
736 859 73
737 788 51
737 823 66
737 836 26
738 871 57
739 889 89
740 756 39
740 917 12
742 748 87
743 842 36
745 964 20
746 819 79
757 969 100
760 995 91
762 893 37
771 841 92
776 940 81
777 833 88
778 980 79
780 803 94
781 960 2
784 870 61
784 899 57
786 915 3
790 887 41
794 816 26
796 881 72
800 822 27
800 838 32
800 851 56
800 924 7
805 991 14
807 826 51
807 990 37
809 985 9
813 842 27
815 859 8
816 873 70
820 839 76
822 849 35
823 946 19
824 928 17
825 892 73
829 948 58
836 858 18
845 875 86
848 916 65
848 988 13
853 855 45
859 898 71
865 937 9
869 977 78
871 876 93
880 913 75
882 925 6
883 966 62
883 993 70
885 958 25
890 907 39
892 904 60
905 954 93
922 968 25
941 958 32
946 990 100
954 979 25
977 998 55
