2000 5991
0 1 17
0 2 83
0 3 59
0 4 39
0 5 25
0 6 84
0 7 81
0 8 1
0 13 55
0 14 63
0 16 49
0 19 97
0 20 93
0 21 57
0 23 86
0 29 51
0 31 22
0 38 55
0 45 13
0 54 91
0 63 95
0 75 3
0 81 15
0 89 38
0 98 60
0 117 22
0 123 98
0 127 8
0 156 44
0 166 76
0 173 98
0 179 61
0 187 69
0 200 84
0 209 80
0 219 35
0 220 22
0 226 85
0 237 40
0 256 62
0 261 24
0 262 63
0 276 1
0 288 89
0 313 57
0 328 94
0 337 33
0 354 82
0 356 32
0 361 58
0 404 34
0 418 8
0 439 12
0 456 34
0 481 21
0 499 47
0 517 84
0 529 49
0 550 83
0 585 48
0 614 88
0 635 94
0 646 3
0 679 27
0 687 63
0 734 26
0 748 5
0 753 40
0 777 77
0 782 71
0 790 44
0 831 29
0 833 92
0 842 79
0 843 91
0 859 93
0 866 14
0 888 29
0 951 45
0 963 89
0 979 6
0 982 38
0 986 17
0 1001 67
0 1087 30
0 1094 83
0 1124 8
0 1127 38
0 1190 63
0 1221 61
0 1232 83
0 1244 37
0 1380 63
0 1401 37
0 1501 78
0 1517 6
0 1562 77
0 1586 42
0 1626 91
0 1640 47
0 1660 47
0 1679 71
0 1722 85
0 1724 56
1 4 26
1 5 45
1 13 78
1 15 89
1 17 19
1 25 73
1 28 44
1 36 94
1 56 78
1 66 64
1 71 58
1 72 79
1 92 65
1 122 52
1 150 61
1 155 43
1 183 20
1 189 49
1 190 100
1 202 82
1 206 84
1 217 21
1 223 50
1 230 6
1 236 26
1 265 3
1 267 52
1 272 53
1 277 77
1 292 46
1 295 34
1 323 100
1 328 54
1 357 88
1 390 87
1 415 60
1 436 75
1 443 21
1 455 35
1 484 29
1 537 33
1 538 92
1 559 72
1 597 35
1 625 4
1 630 43
1 688 45
1 729 20
1 767 7
1 790 9
1 799 6
1 812 29
1 837 9
1 850 67
1 878 58
1 926 95
1 996 3
1 1042 72
1 1063 13
1 1206 87
1 1212 68
1 1239 74
1 1272 20
1 1284 45
1 1306 7
1 1350 52
1 1375 60
1 1380 12
1 1419 9
1 1487 95
1 1520 31
1 1617 34
1 1720 48
1 1744 64
1 1763 12
1 1861 88
1 1890 37
1 1930 91
1 1952 66
1 1961 21
1 1963 45
1 1970 70
2 9 80
2 10 49
2 13 17
2 15 75
2 17 100
2 18 78
2 31 82
2 36 14
2 39 29
2 52 62
2 58 79
2 63 86
2 195 77
2 250 11
2 271 80
2 319 17
2 321 72
2 347 97
2 371 8
2 432 63
2 482 26
2 493 77
2 500 42
2 654 51
2 665 15
2 692 35
2 714 26
2 768 12
2 867 43
2 906 32
2 933 69
2 942 57
2 1118 86
2 1205 37
2 1216 48
2 1221 52
2 1235 73
2 1377 79
2 1396 49
2 1425 15
2 1456 89
2 1504 98
2 1737 82
2 1812 3
2 1813 20
2 1917 78
2 1976 100
2 1996 89
3 4 6
3 6 85
3 7 92
3 8 51
3 10 33
3 11 40
3 14 48
3 16 31
3 18 56
3 21 4
3 22 49
3 24 28
3 28 93
3 32 83
3 33 2
3 37 65
3 48 19
3 50 7
3 52 26
3 53 2
3 55 97
3 56 85
3 57 29
3 66 81
3 67 32
3 69 6
3 73 57
3 76 22
3 83 35
3 92 70
3 94 41
3 98 70
3 106 52
3 107 96
3 108 54
3 111 53
3 121 65
3 131 93
3 148 76
3 157 21
3 178 96
3 180 46
3 181 87
3 195 16
3 207 78
3 216 83
3 226 96
3 247 12
3 268 57
3 269 9
3 298 88
3 302 22
3 322 7
3 340 35
3 350 73
3 372 100
3 420 81
3 424 66
3 425 36
3 436 81
3 464 7
3 467 6
3 469 59
3 470 85
3 492 72
3 497 62
3 520 39
3 532 29
3 539 2
3 542 43
3 604 34
3 636 16
3 656 66
3 666 28
3 668 15
3 672 31
3 683 49
3 706 21
3 763 83
3 769 96
3 811 14
3 850 10
3 893 38
3 906 68
3 958 47
3 971 27
3 973 44
3 974 27
3 1008 74
3 1038 22
3 1041 98
3 1055 83
3 1072 63
3 1088 7
3 1102 75
3 1144 98
3 1156 27
3 1197 71
3 1234 48
3 1252 45
3 1259 70
3 1270 17
3 1283 7
3 1287 99
3 1348 69
3 1391 2
3 1440 57
3 1482 72
3 1527 55
3 1552 29
3 1555 30
3 1653 71
3 1694 79
3 1714 75
3 1771 74
3 1831 86
3 1847 45
3 1859 54
3 1876 29
3 1881 61
3 1884 89
3 1889 86
3 1907 69
3 1915 8
3 1924 67
3 1948 78
3 1976 45
3 1980 34
3 1986 27
4 5 84
4 6 87
4 7 52
4 9 18
4 10 7
4 12 32
4 19 2
4 21 75
4 26 84
4 30 19
4 40 50
4 44 89
4 49 99
4 50 2
4 57 57
4 62 70
4 64 88
4 65 82
4 68 51
4 70 70
4 79 97
4 82 66
4 87 62
4 92 84
4 93 82
4 99 60
4 107 96
4 112 76
4 128 29
4 148 92
4 154 30
4 157 98
4 160 82
4 169 66
4 170 98
4 171 91
4 191 77
4 193 8
4 211 85
4 224 83
4 227 41
4 237 22
4 240 5
4 251 22
4 294 14
4 295 14
4 299 49
4 313 90
4 317 26
4 320 83
4 326 17
4 330 29
4 366 64
4 391 67
4 396 25
4 405 79
4 417 3
4 421 100
4 440 54
4 441 89
4 448 80
4 457 18
4 475 7
4 521 49
4 522 75
4 527 3
4 586 96
4 589 2
4 599 60
4 602 35
4 609 5
4 660 97
4 667 74
4 684 14
4 714 71
4 739 27
4 743 80
4 761 7
4 807 34
4 808 12
4 818 100
4 819 21
4 835 76
4 868 71
4 881 53
4 896 24
4 897 100
4 909 85
4 946 87
4 956 49
4 972 84
4 984 83
4 999 9
4 1003 9
4 1009 35
4 1022 17
4 1033 79
4 1088 56
4 1089 27
4 1097 60
4 1112 58
4 1121 49
4 1181 5
4 1208 87
4 1233 9
4 1251 41
4 1256 45
4 1258 56
4 1334 55
4 1357 73
4 1374 47
4 1412 26
4 1416 6
4 1427 82
4 1429 90
4 1439 10
4 1471 91
4 1593 49
4 1613 62
4 1634 57
4 1668 1
4 1675 30
4 1716 60
4 1753 27
4 1797 30
4 1798 32
4 1833 13
4 1905 78
4 1941 53
4 1994 81
5 9 95
5 12 62
5 30 45
5 31 3
5 34 48
5 41 1
5 61 23
5 66 73
5 73 8
5 109 56
5 142 72
5 188 76
5 190 20
5 263 53
5 383 7
5 457 84
5 553 3
5 614 68
5 633 31
5 655 60
5 743 5
5 1051 46
5 1054 36
5 1086 38
5 1151 82
5 1211 48
5 1278 42
5 1327 27
5 1447 15
5 1610 28
5 1660 55
5 1735 64
5 1770 96
5 1823 94
5 1882 51
5 1904 69
5 1929 43
5 1942 27
6 8 61
6 40 87
6 59 56
6 114 52
6 116 74
6 120 47
6 138 14
6 149 48
6 153 92
6 185 2
6 202 92
6 204 70
6 228 28
6 252 34
6 255 37
6 343 70
6 368 58
6 381 28
6 394 61
6 449 10
6 476 41
6 502 36
6 512 86
6 556 53
6 584 29
6 648 42
6 664 71
6 701 38
6 847 41
6 927 25
6 1008 55
6 1065 7
6 1199 15
6 1241 53
6 1418 2
6 1467 19
6 1513 14
6 1640 43
6 1695 67
7 16 87
7 25 83
7 45 38
7 46 28
7 82 42
7 108 13
7 142 50
7 204 87
7 258 25
7 299 68
7 306 84
7 316 29
7 330 32
7 342 87
7 423 94
7 549 71
7 630 23
7 657 86
7 669 40
7 703 85
7 754 55
7 905 54
7 923 34
7 979 67
7 1001 95
7 1049 2
7 1181 15
7 1199 55
7 1240 36
7 1261 74
7 1297 41
7 1409 68
7 1411 23
7 1419 64
7 1478 62
7 1493 63
7 1497 78
7 1553 52
7 1560 87
7 1755 76
7 1756 7
7 1872 71
8 11 98
8 14 31
8 18 82
8 37 66
8 40 36
8 65 29
8 104 42
8 110 8
8 116 57
8 126 91
8 191 70
8 214 43
8 233 70
8 247 58
8 253 73
8 259 9
8 309 2
8 316 33
8 325 7
8 332 6
8 337 85
8 678 35
8 712 98
8 747 98
8 786 64
8 792 42
8 920 46
8 1081 62
8 1089 56
8 1121 39
8 1145 71
8 1149 11
8 1424 77
8 1711 50
8 1728 19
8 1836 66
8 1968 37
8 1989 12
9 11 29
9 17 2
9 19 2
9 33 65
9 34 60
9 53 41
9 60 78
9 71 11
9 105 42
9 121 68
9 133 44
9 156 59
9 169 12
9 170 69
9 180 78
9 199 52
9 203 88
9 210 36
9 252 43
9 281 50
9 282 28
9 300 100
9 303 85
9 339 5
9 344 94
9 371 55
9 382 5
9 390 29
9 419 74
9 422 45
9 428 30
9 429 37
9 448 88
9 481 16
9 503 3
9 530 54
9 538 39
9 730 7
9 732 75
9 782 31
9 785 39
9 796 51
9 805 54
9 890 56
9 902 2
9 913 62
9 930 43
9 934 95
9 978 67
9 980 33
9 1078 33
9 1081 65
9 1103 48
9 1163 10
9 1308 39
9 1318 32
9 1442 41
9 1456 31
9 1472 76
9 1515 7
9 1528 37
9 1544 19
9 1551 70
9 1623 7
9 1687 49
9 1777 69
9 1782 79
9 1826 87
9 1978 93
10 15 54
10 20 12
10 23 32
10 25 38
10 26 17
10 27 61
10 35 71
10 39 12
10 41 63
10 42 19
10 43 7
10 45 57
10 46 62
10 51 55
10 59 19
10 62 55
10 73 5
10 81 5
10 90 72
10 106 71
10 110 16
10 124 97
10 137 94
10 152 25
10 168 2
10 174 6
10 177 54
10 189 86
10 192 17
10 219 85
10 233 42
10 244 21
10 249 25
10 255 32
10 271 36
10 302 60
10 307 14
10 321 61
10 333 65
10 367 92
10 384 56
10 389 18
10 396 54
10 404 24
10 409 35
10 471 40
10 596 17
10 616 21
10 619 86
10 631 40
10 660 9
10 669 86
10 687 64
10 698 47
10 844 18
10 857 78
10 872 16
10 874 22
10 903 86
10 919 95
10 936 81
10 951 55
10 955 90
10 974 22
10 1078 44
10 1146 85
10 1187 71
10 1215 5
10 1231 63
10 1238 75
10 1275 59
10 1311 29
10 1395 84
10 1516 71
10 1526 53
10 1528 89
10 1534 38
10 1553 56
10 1570 46
10 1577 51
10 1625 95
10 1699 48
10 1722 41
10 1761 36
10 1783 41
10 1893 64
10 1918 72
10 1922 75
11 12 35
11 39 79
11 43 73
11 51 92
11 105 44
11 149 38
11 185 41
11 186 6
11 188 74
11 221 57
11 224 13
11 227 40
11 231 81
11 287 1
11 315 17
11 388 77
11 392 7
11 434 52
11 446 34
11 451 44
11 455 10
11 536 11
11 550 80
11 698 21
11 708 1
11 740 33
11 789 50
11 884 56
11 1064 67
11 1110 94
11 1162 94
11 1250 38
11 1257 62
11 1279 62
11 1324 82
11 1336 75
11 1595 46
11 1754 54
11 1949 19
12 20 1
12 26 71
12 65 79
12 86 27
12 101 66
12 103 98
12 104 85
12 146 32
12 160 43
12 211 91
12 225 17
12 235 16
12 248 91
12 266 41
12 282 4
12 286 88
12 316 25
12 397 42
12 423 56
12 484 33
12 522 39
12 555 74
12 566 40
12 570 16
12 628 57
12 659 86
12 663 94
12 841 85
12 957 59
12 1031 78
12 1060 21
12 1114 37
12 1161 40
12 1170 80
12 1171 82
12 1307 27
12 1317 17
12 1366 23
12 1378 84
12 1389 57
12 1398 11
12 1443 75
12 1462 26
12 1485 60
12 1508 3
12 1560 73
12 1574 57
12 1598 26
12 1633 95
12 1704 36
12 1806 26
12 1896 79
12 1909 50
12 1947 34
13 22 30
13 27 62
13 74 83
13 86 100
13 101 21
13 128 76
13 137 16
13 225 17
13 229 40
13 292 50
13 317 88
13 374 50
13 375 49
13 459 76
13 501 39
13 650 85
13 662 38
13 671 70
13 691 4
13 707 20
13 1032 37
13 1092 90
13 1289 53
13 1388 36
13 1451 72
13 1511 35
13 1516 27
13 1582 18
13 1693 25
13 1732 68
13 1958 6
14 216 65
14 425 57
14 517 20
14 1737 52
14 1855 69
14 1938 5
15 74 82
15 88 59
15 102 34
15 109 97
15 179 71
15 359 93
15 802 71
15 1047 50
15 1092 83
15 1136 2
15 1878 9
15 1995 20
16 29 83
16 49 39
16 64 98
16 122 17
16 127 27
16 134 81
16 149 14
16 166 49
16 217 49
16 292 38
16 335 37
16 410 85
16 552 6
16 589 34
16 601 74
16 611 14
16 627 84
16 741 90
16 846 30
16 972 86
16 991 97
16 1050 19
16 1138 25
16 1251 61
16 1302 1
16 1319 66
16 1448 59
16 1487 33
16 1554 76
16 1674 36
16 1725 41
16 1861 85
17 32 53
17 48 96
17 59 97
17 108 45
17 177 7
17 220 13
17 232 68
17 234 63
17 251 75
17 288 30
17 306 87
17 309 66
17 322 87
17 336 34
17 359 23
17 397 46
17 533 89
17 582 67
17 713 22
17 857 34
17 869 23
17 938 52
17 1122 47
17 1217 32
17 1267 45
17 1322 7
17 1347 17
17 1410 24
17 1492 54
17 1571 91
17 1663 98
17 1691 73
17 1900 40
17 1902 14
18 24 35
18 42 2
18 47 8
18 80 69
18 83 50
18 102 31
18 113 27
18 147 22
18 205 94
18 220 38
18 264 78
18 293 79
18 325 94
18 353 47
18 354 12
18 453 9
18 654 91
18 1126 98
18 1214 45
18 1344 37
18 1420 100
18 1615 77
18 1660 34
18 1813 72
18 1818 86
19 24 30
19 96 22
19 124 24
19 132 77
19 163 19
19 193 88
19 275 73
19 276 36
19 305 31
19 314 14
19 393 12
19 541 89
19 574 59
19 623 53
19 909 71
19 960 80
19 978 58
19 1034 59
19 1446 82
19 1814 82
19 1954 92
19 1985 70
20 35 5
20 36 61
20 41 55
20 84 54
20 85 50
20 131 93
20 239 34
20 253 5
20 346 57
20 625 1
20 677 61
20 825 2
20 857 46
20 861 85
20 1018 17
20 1092 7
20 1138 48
20 1333 83
20 1380 18
20 1381 85
20 1507 37
20 1584 47
20 1690 54
20 1801 39
20 1818 46
21 22 3
21 23 21
21 28 92
21 49 34
21 58 93
21 75 6
21 95 20
21 143 93
21 145 67
21 222 24
21 273 66
21 315 73
21 421 12
21 496 25
21 537 33
21 592 66
21 600 73
21 647 90
21 661 68
21 735 98
21 776 13
21 814 49
21 862 40
21 911 16
21 945 88
21 1243 20
21 1330 24
21 1357 61
21 1435 1
21 1576 40
21 1582 93
21 1671 71
21 1755 15
22 27 92
22 56 62
22 61 11
22 67 27
22 94 45
22 99 82
22 158 79
22 171 44
22 486 4
22 491 43
22 503 43
22 527 89
22 547 38
22 566 34
22 576 61
22 700 96
22 839 13
22 865 27
22 990 99
22 1130 39
22 1178 23
22 1372 38
22 1470 64
22 1709 54
22 1725 18
22 1728 8
22 1760 97
22 1897 30
23 29 70
23 44 62
23 60 91
23 82 50
23 308 65
23 370 82
23 643 64
23 800 76
23 887 66
23 1063 79
23 1306 22
23 1860 54
24 30 72
24 32 18
24 48 23
24 87 24
24 125 77
24 230 27
24 406 30
24 465 32
24 476 14
24 483 32
24 510 61
24 521 97
24 587 41
24 680 96
24 709 97
24 725 71
24 905 48
24 1038 31
24 1353 69
24 1381 90
24 1451 8
24 1537 46
24 1679 76
24 1823 85
24 1840 39
24 1869 64
24 1949 25
25 398 24
25 545 30
25 1442 92
26 42 14
26 74 13
26 103 85
26 125 5
26 143 22
26 198 93
26 217 5
26 222 52
26 244 70
26 277 58
26 318 26
26 358 67
26 384 7
26 401 62
26 473 61
26 487 94
26 542 48
26 582 38
26 652 70
26 759 93
26 809 21
26 1008 30
26 1029 22
26 1048 30
26 1137 49
26 1349 84
26 1543 42
26 1618 3
26 1742 57
26 1783 53
26 1888 69
26 1992 53
27 35 68
27 38 27
27 68 28
27 109 45
27 122 13
27 133 9
27 162 44
27 183 100
27 198 60
27 267 70
27 274 65
27 344 41
27 350 42
27 552 67
27 1033 2
27 1095 26
27 1099 66
27 1139 14
27 1367 65
27 1491 69
27 1502 100
27 1697 83
27 1713 75
28 54 37
28 84 82
28 118 43
28 134 52
28 139 26
28 249 26
28 296 23
28 408 57
28 563 48
28 699 58
28 714 76
28 969 27
28 987 87
28 990 77
28 1293 86
28 1300 62
28 1349 100
28 1547 85
28 1605 87
28 1815 68
28 1862 83
29 37 90
29 46 83
29 84 37
29 238 61
29 254 48
29 360 10
29 369 74
29 374 53
29 378 45
29 400 58
29 407 54
29 449 82
29 499 6
29 558 52
29 567 64
29 604 5
29 788 92
29 939 58
29 953 34
29 954 20
29 1177 57
29 1249 86
29 1319 16
29 1559 92
29 1567 43
29 1654 41
29 1792 64
30 33 19
30 38 8
30 55 14
30 76 84
30 78 98
30 83 16
30 89 60
30 97 3
30 107 25
30 138 35
30 190 94
30 193 52
30 387 95
30 400 32
30 450 31
30 466 9
30 467 27
30 545 37
30 551 82
30 587 20
30 645 76
30 788 85
30 925 83
30 1002 52
30 1123 22
30 1195 87
30 1209 5
30 1300 46
30 1364 36
30 1416 22
30 1503 12
30 1778 86
30 1786 47
30 1870 29
30 1981 69
30 1989 70
31 47 13
31 57 99
31 69 73
31 77 50
31 86 68
31 154 13
31 254 9
31 268 20
31 326 57
31 336 20
31 352 100
31 377 95
31 402 39
31 427 60
31 470 91
31 495 83
31 561 31
31 588 94
31 686 53
31 705 11
31 785 19
31 798 25
31 845 59
31 858 62
31 865 12
31 870 16
31 931 34
31 964 33
31 999 84
31 1004 53
31 1135 31
31 1172 32
31 1231 21
31 1314 77
31 1326 29
31 1337 35
31 1459 31
31 1607 70
31 1733 23
31 1765 74
31 1799 73
31 1838 4
31 1935 84
32 34 53
32 58 73
32 175 7
32 194 41
32 221 28
32 258 25
32 282 36
32 287 12
32 363 98
32 558 91
32 559 23
32 568 74
32 581 26
32 781 9
32 1212 79
32 1273 40
32 1415 64
32 1436 7
32 1596 16
32 1614 61
32 1635 23
32 1790 17
32 1834 2
33 129 30
33 136 69
33 167 25
33 182 100
33 281 98
33 285 5
33 622 20
33 648 63
33 649 4
33 671 5
33 754 88
33 1016 6
33 1082 14
33 1415 51
33 1689 24
34 78 56
34 549 75
34 942 97
34 989 1
34 1257 3
34 1807 44
34 1943 3
35 110 51
35 123 63
35 257 29
35 385 72
35 437 97
35 490 35
35 508 31
35 515 2
35 691 74
35 968 47
35 1046 91
35 1210 77
35 1500 95
35 1631 47
35 1688 45
35 1730 86
36 43 89
36 88 63
36 89 21
36 91 47
36 105 42
36 140 45
36 160 77
36 184 87
36 221 11
36 278 19
36 308 22
36 345 90
36 348 59
36 453 35
36 478 15
36 505 98
36 555 46
36 574 76
36 756 25
36 988 17
36 1009 96
36 1198 8
36 1257 27
36 1263 72
36 1389 1
36 1393 29
36 1579 33
36 1751 37
36 1777 77
36 1888 36
37 91 95
37 111 25
37 124 4
37 176 42
37 265 60
37 286 65
37 338 27
37 552 38
37 643 50
37 733 40
37 843 48
37 876 29
37 924 14
37 944 68
37 1171 92
37 1236 38
37 1369 46
37 1382 97
37 1417 79
37 1507 21
37 1941 37
38 130 26
38 170 21
38 375 89
38 1096 99
38 1344 79
39 51 13
39 68 5
39 69 8
39 104 87
39 176 21
39 634 57
39 746 33
39 1067 62
39 1176 20
39 1236 19
39 1238 25
39 1325 79
39 1539 54
39 1736 62
39 1897 40
40 301 98
40 364 25
40 382 5
40 580 3
40 941 17
40 1613 4
41 44 39
41 47 33
41 52 93
41 62 83
41 85 67
41 90 71
41 96 6
41 106 44
41 138 1
41 163 32
41 164 97
41 169 70
41 182 81
41 212 97
41 218 94
41 245 54
41 272 82
41 335 13
41 391 25
41 392 33
41 412 53
41 413 29
41 441 79
41 462 23
41 494 100
41 516 83
41 602 78
41 644 10
41 652 79
41 739 10
41 864 30
41 886 54
41 993 35
41 1235 32
41 1290 86
41 1304 35
41 1716 91
41 1840 50
41 1914 61
42 194 23
42 224 52
42 242 36
42 381 47
42 831 40
42 1127 43
42 1158 11
42 1201 3
42 1646 55
42 1757 94
42 1879 31
42 1993 11
43 916 87
44 80 69
44 90 90
44 243 93
44 262 25
44 329 9
44 557 44
44 589 88
44 615 37
44 636 68
44 664 51
44 729 33
44 787 9
44 832 63
44 834 41
44 1034 59
44 1079 58
44 1180 91
44 1345 92
44 1379 13
44 1385 66
44 1438 41
44 1473 93
44 1527 46
44 1769 48
44 1906 58
45 50 97
45 61 17
45 71 33
45 81 47
45 132 60
45 136 16
45 264 40
45 267 54
45 331 89
45 386 53
45 469 37
45 547 63
45 603 72
45 718 4
45 789 18
45 892 77
45 926 22
45 1182 82
45 1447 90
45 1463 43
45 1531 86
45 1559 11
45 1571 69
45 1747 97
45 1844 73
45 1990 32
46 72 4
46 166 65
46 172 62
46 297 37
46 571 3
46 1059 28
46 1365 65
46 1914 42
47 54 84
47 113 82
47 115 78
47 132 94
47 135 66
47 152 53
47 159 100
47 200 31
47 215 4
47 234 81
47 261 48
47 280 96
47 347 87
47 360 51
47 417 68
47 434 97
47 497 12
47 565 5
47 606 28
47 617 4
47 625 26
47 1147 77
47 1179 76
47 1310 79
47 1522 23
47 1565 62
47 1574 45
47 1675 73
47 1793 100
47 1832 15
48 55 90
48 96 81
48 100 22
48 294 61
48 307 96
48 543 18
48 580 60
48 921 23
48 1253 58
48 1583 96
48 1830 1
49 118 22
49 119 17
49 200 100
49 560 5
49 645 68
49 739 86
49 1037 44
49 1056 36
49 1158 52
49 1220 47
49 1721 27
50 144 40
50 305 85
50 564 47
50 598 1
50 822 77
50 839 29
50 1185 29
50 1418 24
50 1429 62
50 1956 63
50 1959 99
51 64 57
51 97 98
51 150 79
51 172 86
51 349 79
51 528 68
51 532 74
51 618 21
51 828 16
51 897 2
51 967 49
51 1243 22
51 1464 87
51 1713 46
51 1785 31
51 1800 7
51 1922 39
51 1971 46
52 53 19
52 60 63
52 70 56
52 80 87
52 88 52
52 93 14
52 116 18
52 120 22
52 136 82
52 137 8
52 201 10
52 238 38
52 314 70
52 334 5
52 377 69
52 460 84
52 558 32
52 606 69
52 607 65
52 689 40
52 726 52
52 765 88
52 887 70
52 962 27
52 969 63
52 1053 61
52 1093 80
52 1296 36
52 1402 35
52 1632 20
52 1647 89
52 1685 35
52 1699 6
52 1707 87
52 1761 95
52 1840 95
52 1937 79
53 134 68
53 185 32
53 260 48
53 718 14
53 885 86
53 1165 12
53 1691 58
53 1767 80
53 1889 3
54 78 50
54 198 38
54 297 92
54 433 7
54 461 5
54 491 48
54 530 57
54 556 53
54 1070 25
54 1141 28
54 1245 43
54 1428 26
55 100 97
55 131 98
55 158 76
55 167 25
55 207 44
55 749 39
55 1043 38
55 1338 51
55 1404 38
55 1497 90
55 1523 81
55 1575 28
56 79 53
56 299 89
56 452 63
56 635 1
56 997 21
56 1332 56
57 1283 88
57 1469 36
58 204 63
58 208 17
58 243 6
58 447 43
58 477 65
58 796 5
58 945 43
58 1141 94
58 1267 45
58 1606 6
59 63 95
59 67 12
59 72 39
59 77 8
59 97 58
59 113 87
59 125 60
59 128 20
59 140 7
59 144 52
59 153 41
59 178 40
59 182 82
59 213 38
59 215 90
59 236 15
59 311 33
59 332 71
59 370 9
59 378 76
59 389 67
59 501 11
59 502 25
59 575 96
59 597 80
59 612 68
59 642 90
59 674 46
59 680 38
59 781 31
59 809 81
59 910 80
59 937 24
59 972 10
59 1005 76
59 1130 3
59 1144 76
59 1151 58
59 1156 30
59 1165 54
59 1168 40
59 1247 79
59 1311 34
59 1355 45
59 1467 29
59 1703 54
59 1739 69
59 1808 10
59 1809 58
59 1820 85
59 1880 91
59 1895 89
59 1905 20
59 1994 99
60 189 43
60 279 18
60 293 87
60 334 79
60 343 9
60 398 57
60 438 5
60 485 37
60 590 71
60 610 34
60 705 29
60 725 56
60 813 36
60 853 97
60 866 96
60 886 54
60 900 38
60 903 62
60 967 31
60 1171 29
60 1178 83
60 1304 68
60 1331 45
60 1392 69
61 76 36
61 77 30
61 232 19
61 327 14
61 624 43
61 844 97
61 1162 39
61 1220 88
61 1246 23
61 1310 48
61 1680 51
61 1684 46
62 152 67
62 554 37
62 1310 52
63 93 24
63 147 99
63 247 68
63 336 90
63 1356 30
63 1564 80
63 1742 54
64 146 24
64 174 2
64 387 38
64 556 85
64 672 24
64 881 69
64 1580 84
65 222 89
65 1051 83
65 1118 11
65 1159 65
65 1221 54
65 1519 38
65 1809 86
66 141 39
66 234 15
66 427 29
66 458 96
66 772 26
66 911 45
66 949 61
66 973 20
66 1023 50
66 1078 42
66 1294 44
66 1618 1
66 1762 73
66 1829 87
66 1962 15
67 70 45
67 112 23
67 115 4
67 144 62
67 154 24
67 241 54
67 283 70
67 285 59
67 288 25
67 318 53
67 386 92
67 450 45
67 479 19
67 525 9
67 526 13
67 634 53
67 657 44
67 676 59
67 797 97
67 899 36
67 947 42
67 1019 34
67 1088 62
67 1287 78
67 1368 76
67 1520 61
67 1604 9
67 1606 7
67 1614 76
67 1638 41
67 1676 62
67 1738 68
67 1839 43
67 1951 24
67 1953 14
68 186 14
68 228 73
68 344 9
68 524 83
68 896 91
68 1082 73
68 1106 9
68 1126 46
68 1428 5
68 1449 35
68 1550 26
68 1729 86
68 1841 39
69 512 21
69 629 6
69 1068 38
69 1101 90
69 1319 91
69 1408 39
69 1506 61
70 205 77
70 250 96
70 385 18
70 827 83
70 1105 94
70 1273 78
70 1612 39
70 1637 23
70 1739 19
71 75 5
71 85 61
71 127 42
71 208 62
71 318 8
71 328 44
71 345 21
71 367 66
71 474 100
71 477 32
71 551 12
71 580 79
71 631 1
71 633 24
71 640 68
71 795 41
71 908 32
71 1006 3
71 1012 82
71 1015 60
71 1062 65
71 1072 5
71 1115 87
71 1138 97
71 1150 60
71 1529 49
71 1540 95
71 1657 22
71 1839 34
71 1925 46
71 1970 17
71 1973 32
72 266 42
72 428 46
72 1004 100
73 118 6
73 180 68
73 201 52
73 230 25
73 246 8
73 287 96
73 334 19
73 362 84
73 418 25
73 439 39
73 460 78
73 535 30
73 859 85
73 967 32
73 1136 50
73 1157 68
73 1219 15
74 95 52
74 197 88
74 202 58
74 208 49
74 420 15
74 442 1
74 491 90
74 538 86
74 606 54
74 637 47
74 750 94
74 773 7
74 802 64
74 871 37
74 1178 29
74 1354 99
74 1581 87
74 1625 26
74 1719 51
74 1830 34
75 156 90
75 195 9
75 366 63
75 482 31
75 692 54
75 693 77
75 799 49
75 892 54
75 1227 55
75 1254 27
75 1364 74
75 1678 74
76 95 64
76 140 87
76 172 46
76 176 100
76 214 63
76 271 46
76 304 53
76 591 87
76 707 96
76 715 28
76 716 21
76 720 97
76 754 45
76 761 100
76 785 59
76 816 63
76 821 48
76 917 49
76 1020 64
76 1035 40
76 1037 6
76 1453 32
76 1522 13
76 1631 65
76 1680 50
76 1945 15
77 120 88
77 201 35
77 279 89
77 280 58
77 415 96
77 514 54
77 769 76
77 966 51
77 976 62
77 1028 44
77 1347 31
77 1719 77
78 79 40
78 91 15
78 115 18
78 173 80
78 329 5
78 373 72
78 454 47
78 727 16
78 830 28
78 895 52
79 119 49
79 163 79
79 164 92
79 188 91
79 278 70
79 314 11
79 329 19
79 378 94
79 476 41
79 477 54
79 591 60
79 746 92
79 935 64
79 1046 69
79 1054 83
79 1184 36
79 1289 94
79 1379 10
79 1403 24
80 243 60
80 301 74
80 437 14
80 482 66
80 760 10
80 875 19
80 1014 63
80 1168 55
80 1443 12
80 1460 27
80 1638 65
80 1854 70
81 171 88
81 206 82
81 223 71
81 248 96
81 632 97
81 690 2
81 993 74
81 1143 93
81 1385 69
81 1877 68
82 101 33
82 126 61
82 155 25
82 161 61
82 192 62
82 263 85
82 300 59
82 335 93
82 426 74
82 489 62
82 521 86
82 637 97
82 673 91
82 735 19
82 765 3
82 1068 13
82 1163 45
82 1598 36
82 1964 52
82 1966 76
83 306 56
83 860 4
83 988 45
83 1407 22
83 1550 14
83 1573 13
83 1741 98
85 158 93
85 445 6
85 458 79
85 769 97
85 789 32
85 826 85
85 1158 100
85 1446 85
85 1569 34
85 1983 62
86 87 32
86 94 81
86 139 62
86 159 71
86 213 85
86 300 85
86 707 43
86 1276 2
86 1421 46
86 1619 9
87 121 44
87 126 28
87 129 24
87 148 64
87 353 28
87 437 25
87 459 76
87 509 87
87 534 44
87 573 1
87 598 43
87 656 66
87 677 83
87 698 8
87 747 38
87 790 44
87 824 65
87 888 14
87 898 46
87 902 75
87 908 52
87 937 29
87 959 65
87 1166 83
87 1198 13
87 1303 47
87 1328 83
87 1464 3
87 1577 20
87 1666 24
87 1673 38
87 1811 63
87 1962 26
87 1999 95
88 199 43
88 215 43
88 218 27
88 232 49
88 444 6
88 506 42
88 823 2
88 832 47
88 856 46
88 1024 73
88 1185 95
88 1309 61
88 1565 14
88 1594 51
88 1876 38
88 1933 35
88 1978 52
89 98 7
89 235 92
89 263 68
89 342 2
89 368 95
89 414 72
89 523 96
89 736 30
89 842 84
89 907 43
89 1397 3
89 1561 14
89 1700 33
89 1766 27
89 1807 18
90 130 2
90 197 83
90 311 18
90 363 55
90 379 35
90 424 43
90 509 5
90 514 69
90 622 100
90 773 99
90 792 30
90 882 56
90 960 33
90 1066 18
90 1084 75
90 1264 34
90 1315 94
90 1770 87
91 111 47
91 241 9
91 250 11
91 274 64
91 353 44
91 370 4
91 374 7
91 413 31
91 416 60
91 571 12
91 879 57
91 889 23
91 928 92
91 1104 86
91 1229 99
91 1394 41
91 1753 60
91 1817 54
91 1960 87
92 273 46
92 332 84
92 406 22
92 500 59
92 784 63
92 806 34
92 1045 6
92 1057 51
92 1167 52
92 1585 16
92 1684 27
92 1756 27
92 1994 81
93 291 78
93 310 82
93 461 34
93 533 37
93 578 87
93 641 76
93 724 27
93 842 9
93 895 35
93 946 38
93 1068 79
93 1205 67
93 1557 36
93 1646 94
93 1651 92
93 1763 17
93 1916 100
94 100 99
94 141 15
94 278 16
94 704 42
94 752 70
94 755 17
94 953 24
94 1271 86
94 1647 84
94 1650 40
94 1853 85
95 117 7
95 229 47
95 290 63
95 298 37
95 408 38
95 443 73
95 862 70
95 1017 28
95 1073 46
95 1576 89
95 1627 61
95 1686 24
95 1908 63
96 323 96
96 821 1
96 823 56
96 911 17
96 1537 11
96 1975 10
97 99 78
97 102 96
97 103 4
97 114 14
97 119 5
97 123 7
97 130 8
97 147 22
97 167 83
97 269 22
97 346 99
97 351 50
97 376 55
97 379 100
97 463 68
97 490 100
97 493 2
97 507 20
97 578 85
97 624 98
97 664 13
97 804 52
97 888 10
97 952 11
97 1110 21
97 1172 89
97 1281 65
97 1373 66
97 1438 26
97 1615 84
97 1645 94
97 1799 80
97 1804 38
97 1869 25
97 1918 29
98 210 39
98 536 17
98 546 82
98 1050 89
98 1816 50
99 372 47
99 421 86
99 496 92
99 595 16
99 685 74
99 728 60
99 778 91
99 829 15
99 1451 26
99 1983 63
100 117 90
100 174 49
100 183 92
100 270 84
100 283 49
100 358 79
100 380 20
100 429 76
100 465 9
100 800 30
100 856 55
100 890 39
100 909 88
100 945 7
100 1053 32
100 1605 19
100 1690 28
100 1802 3
100 1971 72
101 112 95
101 146 82
101 151 49
101 1010 25
101 1528 1
102 151 60
102 191 22
102 305 24
102 937 38
102 1260 11
102 1426 38
102 1726 62
103 141 34
103 145 44
103 168 6
103 295 100
103 784 5
103 816 52
103 1061 41
103 1248 28
103 1474 80
104 153 47
104 165 70
104 266 20
104 434 25
104 466 14
104 817 68
104 1186 22
104 1201 79
105 572 67
105 1286 41
106 630 99
107 716 85
107 918 31
107 1583 22
108 245 65
108 275 84
108 487 39
108 540 1
108 608 92
108 617 17
108 918 62
108 1101 14
108 1494 15
108 1538 47
108 1883 15
109 211 25
109 246 24
109 341 3
109 423 98
109 439 1
109 528 55
109 548 61
109 599 94
109 655 71
109 663 100
109 746 75
109 806 92
109 817 89
109 940 64
109 1016 48
109 1052 26
109 1307 3
109 1426 19
109 1432 77
109 1479 25
109 1767 65
109 1978 89
110 150 62
110 768 96
110 922 78
110 989 29
110 1471 50
111 175 22
111 298 51
111 307 96
111 642 10
111 723 38
111 756 18
111 772 53
111 907 21
111 1341 32
111 1458 65
111 1565 73
112 114 86
112 430 30
112 586 45
112 933 69
112 1166 40
112 1255 53
113 752 27
114 162 37
114 194 99
114 320 68
114 376 71
114 401 12
114 420 30
114 474 12
114 742 71
114 780 61
114 844 46
114 924 42
114 1007 93
114 1424 7
114 1525 96
114 1656 22
114 1692 49
114 1808 56
114 1816 49
114 1864 76
114 1945 46
115 253 29
115 741 73
115 777 71
115 1249 49
115 1852 92
115 1882 66
116 187 51
116 214 86
116 525 6
116 670 75
116 877 86
116 965 41
116 1195 1
116 1313 31
116 1881 22
117 319 44
117 352 81
117 375 6
117 455 77
117 506 93
117 695 46
117 829 50
117 875 56
117 891 27
117 1210 50
117 1731 33
117 1771 14
118 155 70
118 744 6
118 748 78
118 1360 13
119 133 69
119 196 74
119 218 80
119 246 75
119 301 59
119 349 43
119 507 56
119 766 67
119 881 40
119 950 96
119 1062 54
119 1188 19
119 1318 17
119 1379 22
119 1389 3
119 1436 68
119 1617 40
119 1723 16
119 1781 32
119 1787 53
119 1975 45
119 1997 16
120 143 45
120 418 91
120 446 62
120 620 48
120 700 6
120 819 15
120 1570 48
121 135 38
121 431 21
121 901 33
121 1150 25
121 1223 48
121 1439 83
122 142 67
122 386 81
122 553 31
122 601 95
122 878 39
122 925 91
122 1030 78
122 1541 31
123 129 75
123 139 57
123 173 26
123 236 64
123 393 80
123 441 10
123 627 49
123 804 78
123 831 80
123 887 7
123 907 84
123 1032 26
123 1317 56
123 1376 2
123 1702 10
123 1891 10
123 1908 18
124 157 40
124 452 91
124 732 88
124 873 86
124 1441 34
124 1775 77
125 1386 14
125 1810 43
126 207 60
126 498 57
126 1016 88
126 1018 16
126 1254 44
126 1619 99
126 1928 26
126 1999 60
127 135 31
127 159 32
127 327 21
127 428 20
127 614 95
127 1095 28
127 1195 2
127 1269 45
127 1299 23
127 1373 77
127 1851 11
128 237 90
128 268 11
128 333 41
128 350 37
128 410 2
128 442 64
128 595 49
128 1160 88
128 1295 64
128 1449 27
128 1488 63
128 1510 73
128 1584 15
128 1591 26
128 1734 60
128 1941 94
129 1496 14
130 165 30
130 212 85
130 340 91
130 341 36
130 355 68
130 366 64
130 473 52
130 526 73
130 567 12
130 615 22
130 692 79
130 749 95
130 954 89
130 995 75
130 1047 23
130 1071 5
130 1075 69
130 1131 78
130 1219 14
130 1312 12
130 1321 99
130 1466 37
130 1988 2
131 248 66
131 289 74
131 347 74
131 493 16
131 551 45
131 768 1
131 1027 51
132 151 15
132 177 53
132 240 63
132 426 88
132 460 98
132 466 36
132 711 17
132 773 22
132 983 4
132 1292 40
132 1333 14
133 324 27
133 398 5
133 450 26
133 601 88
133 1123 92
133 1320 64
133 1955 31
134 145 33
134 168 98
134 270 74
134 290 45
134 365 59
134 502 16
134 669 21
134 966 30
134 1441 16
134 1525 54
134 1639 56
134 1948 21
135 764 31
135 805 80
135 873 61
136 164 43
136 186 29
136 206 47
136 256 82
136 337 36
136 433 93
136 649 56
136 701 72
136 774 9
136 820 52
136 836 58
136 855 55
136 1264 11
136 1787 12
136 1819 33
136 1848 49
137 161 31
137 209 74
137 399 78
137 400 58
137 610 54
137 616 16
137 626 35
137 703 89
137 871 18
137 977 71
137 1119 78
137 1444 37
137 1655 30
137 1700 64
137 1733 88
137 1908 91
138 181 14
138 184 97
138 361 82
138 813 2
138 1050 28
138 1097 16
138 1156 19
138 1735 51
139 161 37
139 394 3
139 453 22
139 513 33
139 543 75
139 896 2
139 897 53
139 978 27
139 1334 16
139 1423 7
139 1452 46
139 1710 97
139 1813 52
139 1919 95
140 1683 2
141 1282 48
141 1386 89
141 1606 30
142 165 42
142 323 84
142 438 6
142 463 20
142 530 71
142 737 19
142 877 26
142 925 57
142 1209 63
142 1353 14
142 1530 73
142 1545 77
142 1751 52
142 1881 79
142 1995 76
143 1623 21
143 1898 26
144 192 42
144 343 51
144 422 62
144 494 23
144 573 65
144 723 66
144 910 29
144 1059 50
144 1391 99
144 1731 32
144 1740 78
146 284 76
146 965 14
147 239 76
147 257 73
147 356 16
147 541 8
147 640 77
147 830 2
147 1117 87
148 523 13
148 569 83
148 1048 95
148 1372 46
149 373 50
149 578 13
150 179 73
150 308 60
150 369 84
150 381 56
150 571 91
150 766 70
150 1155 12
150 1276 85
150 1324 81
150 1417 75
150 1755 73
150 1758 82
151 196 81
151 228 7
151 445 25
151 456 41
151 987 89
151 1227 64
151 1394 22
151 1566 63
151 1756 97
152 419 51
152 432 39
152 472 39
152 561 60
152 1024 85
152 1329 18
152 1548 78
152 1717 68
152 1804 50
153 392 71
153 468 49
153 566 31
153 791 3
153 1019 56
153 1222 34
153 1752 79
153 1844 93
154 187 23
154 279 3
154 297 87
154 479 48
154 564 32
154 745 30
154 1014 10
154 1901 24
154 1923 90
155 249 49
155 914 89
155 1029 17
155 1378 25
155 1454 81
155 1764 98
156 683 59
156 801 64
156 1004 91
156 1265 27
156 1482 80
157 181 3
157 383 28
157 838 20
157 1327 51
157 1331 72
158 898 3
158 1363 13
159 162 39
159 531 87
160 238 43
160 389 33
160 604 31
160 636 4
160 678 98
160 795 45
160 1020 9
160 1298 11
160 1651 40
160 1924 85
160 1933 52
161 339 4
161 391 34
161 1370 88
161 1658 7
163 270 49
163 324 64
163 442 74
164 175 55
164 205 79
164 226 38
164 244 2
164 265 22
164 348 29
164 402 57
164 426 19
164 464 1
164 487 71
164 505 56
164 583 56
164 755 21
164 838 51
164 863 69
164 915 21
164 1300 50
164 1390 36
164 1628 31
164 1800 6
164 1821 75
164 1880 19
165 362 87
165 563 39
165 577 22
165 1145 3
165 1402 98
166 419 93
166 469 77
166 1865 57
167 231 69
167 312 38
167 430 84
167 465 74
167 562 51
167 609 86
167 632 51
167 674 19
167 943 89
167 1054 13
167 1122 55
167 1175 81
167 1186 46
167 1397 27
167 1832 52
167 1866 23
167 1987 27
168 269 7
168 289 88
168 422 85
168 531 13
168 1470 49
169 488 6
169 803 29
169 928 62
169 1405 39
169 1650 30
169 1805 71
170 242 5
170 264 75
170 399 22
170 574 5
170 713 3
170 1017 20
171 178 44
171 223 63
171 1112 84
172 852 50
172 1506 26
172 1916 100
173 313 99
173 1069 29
174 184 52
174 213 21
174 216 12
174 219 9
174 233 25
174 644 100
174 696 64
174 724 4
174 793 15
174 859 32
174 889 32
174 903 5
174 1084 83
174 1086 50
174 1159 74
174 1371 10
174 1477 91
174 1618 10
174 1937 93
175 212 60
175 457 9
175 1208 70
175 1288 16
175 1295 98
175 1388 61
175 1403 89
175 1431 93
175 1481 20
175 1511 9
175 1767 58
175 1811 94
176 196 12
176 372 42
176 849 35
176 939 94
176 985 61
176 987 27
177 272 86
177 870 67
177 1141 42
178 209 8
178 245 55
178 349 19
178 365 6
178 452 6
178 458 55
178 462 77
178 480 42
178 575 12
178 686 91
178 717 52
178 872 19
178 882 47
178 894 35
178 1036 54
178 1252 7
178 1403 48
178 1430 44
178 1489 40
178 1669 11
178 1866 11
178 1914 100
178 1988 98
179 471 4
179 535 74
179 544 24
179 546 93
179 592 6
179 752 3
179 782 9
179 1688 6
180 1303 80
180 1897 40
181 406 61
181 411 69
181 917 83
181 1386 62
182 291 91
182 416 70
182 485 87
182 504 79
182 548 88
182 966 34
182 1361 90
182 1748 72
183 241 31
183 303 83
183 497 59
183 593 15
183 961 35
183 1661 87
184 302 84
184 544 4
185 210 76
185 320 74
185 429 88
185 448 4
185 695 68
185 726 92
185 1091 93
185 1357 99
185 1556 8
185 1829 16
186 197 13
186 199 13
186 203 10
186 276 36
186 454 28
186 638 76
186 639 85
186 647 81
186 750 37
186 1129 75
186 1299 78
186 1802 95
186 1870 49
187 256 93
187 331 16
187 346 65
187 587 84
187 611 46
187 1001 78
187 1133 11
187 1261 29
187 1482 77
187 1509 45
187 1773 35
187 1851 56
188 1025 9
188 1226 58
188 1886 92
189 1305 5
189 1341 56
189 1346 90
189 1567 20
190 666 22
191 425 32
191 595 18
191 635 17
191 722 8
191 758 100
191 801 95
191 1075 23
191 1863 4
191 1883 70
192 322 22
192 401 63
192 412 86
192 414 33
192 526 41
192 543 1
192 568 75
192 676 36
192 1045 81
192 1512 22
192 1644 72
192 1745 63
192 1802 73
193 203 37
193 254 75
193 304 48
193 405 94
193 408 51
193 409 65
193 454 5
193 468 9
193 510 92
193 653 55
193 1037 81
193 1248 34
193 1269 8
193 1523 54
193 1536 29
193 1543 28
193 1817 58
194 225 95
194 1825 14
195 312 45
195 565 54
196 1005 100
196 1603 31
197 605 12
197 722 55
197 740 49
197 977 55
197 1140 97
197 1314 49
198 345 7
198 513 61
198 639 51
198 715 26
198 1153 60
198 1332 25
199 240 47
200 576 49
200 894 17
200 1066 8
200 1228 73
200 1324 46
200 1458 59
200 1488 79
200 1538 78
200 1568 97
200 1653 31
201 952 69
201 1991 36
202 411 68
202 786 18
202 863 99
202 1049 1
202 1658 9
203 1181 3
204 617 99
204 1135 30
205 284 67
205 607 33
205 618 94
205 693 3
205 788 87
205 839 52
205 954 79
205 1090 99
205 1309 92
205 1501 45
205 1634 74
205 1801 75
206 312 32
206 333 64
206 440 68
206 620 86
206 1872 50
206 1947 100
207 259 43
207 331 46
207 489 64
207 783 64
208 293 98
208 354 39
208 585 22
208 663 56
208 797 83
208 951 41
208 1076 98
208 1172 63
208 1219 93
208 1228 91
208 1337 64
208 1342 42
208 1847 60
208 1903 18
208 1987 78
209 227 23
209 524 96
209 619 7
209 1247 18
209 1286 64
209 1669 56
209 1838 84
210 467 1
210 885 2
210 975 17
210 1291 47
210 1850 41
211 259 87
211 511 57
211 569 47
211 848 59
211 884 82
211 891 37
211 1002 1
211 1048 44
211 1076 67
211 1272 48
211 1375 9
211 1465 84
211 1494 21
211 1531 95
211 1563 96
211 1687 60
211 1884 82
211 1943 93
212 376 58
212 382 72
212 440 5
212 883 3
212 1007 32
212 1374 95
212 1406 8
212 1779 16
212 1953 80
213 390 100
213 943 19
213 1021 41
214 235 100
214 275 1
214 319 23
214 341 59
214 407 100
214 1568 12
214 1639 86
214 1681 31
214 1903 76
214 1920 74
214 1980 34
215 284 52
216 277 79
216 360 96
216 519 30
216 778 86
216 935 33
216 985 78
216 1000 54
216 1325 57
216 1529 87
216 1654 46
217 231 98
217 294 79
217 515 70
217 535 16
217 546 65
217 679 62
217 760 36
217 1213 37
217 1355 71
217 1485 81
217 1760 54
217 1766 25
217 1800 61
218 251 65
218 342 58
218 472 4
218 518 72
218 596 4
218 651 38
218 730 90
218 902 37
218 993 54
218 1197 93
218 1266 4
218 1383 68
218 1420 22
218 1833 3
218 1962 5
219 239 71
219 255 21
219 262 38
219 290 90
219 325 37
219 486 64
219 696 55
219 774 1
219 879 29
219 939 86
219 948 35
219 1010 60
219 1039 31
219 1041 11
219 1323 22
219 1422 52
219 1683 29
219 1992 8
220 508 53
220 1224 50
220 1335 42
221 490 30
221 709 11
221 742 56
221 1356 82
221 1793 96
222 579 80
222 590 54
222 701 49
223 474 57
223 719 3
223 1077 31
223 1315 47
223 1505 86
223 1624 18
224 257 94
224 431 96
224 627 17
224 763 28
224 834 10
224 1340 82
224 1747 35
224 1989 3
225 499 35
225 581 80
225 745 67
225 818 65
225 1292 88
225 1454 2
225 1490 81
225 1746 68
226 435 94
226 670 70
226 1251 34
227 393 63
227 395 33
227 763 42
227 828 41
227 942 92
227 1108 91
227 1274 22
227 1390 99
227 1431 72
227 1456 30
227 1835 62
228 229 8
228 358 58
228 697 20
228 1519 78
228 1665 85
229 260 97
229 285 62
229 1075 95
229 1080 7
229 1128 60
229 1620 21
230 338 38
230 479 35
230 1081 21
230 1420 61
231 274 93
232 922 87
232 1125 58
233 402 10
233 721 30
233 1056 64
234 979 61
235 464 56
235 634 94
235 1177 20
235 1301 5
235 1615 15
236 821 63
236 1019 79
236 1109 25
236 1131 68
236 1168 77
236 1169 31
236 1227 63
236 1822 73
238 403 21
238 483 14
238 662 92
238 1316 36
239 242 37
239 273 56
239 532 15
239 914 100
239 927 96
239 1256 75
239 1410 69
239 1759 92
240 379 33
240 463 88
240 591 78
240 1544 60
240 1685 34
240 1688 74
240 1871 97
241 309 1
241 912 71
241 1099 89
241 1229 68
241 1492 88
241 1622 50
242 281 61
242 1262 35
242 1518 91
243 261 21
243 359 67
243 710 19
243 1913 94
244 560 39
244 1301 89
245 368 92
245 435 94
245 603 85
246 252 14
246 258 86
246 399 32
246 776 71
246 1829 13
247 283 28
247 357 97
247 449 11
247 456 85
247 631 55
247 781 91
247 803 73
247 1160 7
247 1772 65
248 324 94
248 396 39
248 659 85
248 804 17
248 808 27
248 855 37
248 1673 19
248 1741 25
249 364 72
249 653 64
249 762 82
249 1607 70
249 1910 41
250 468 98
250 704 87
251 260 31
251 1738 46
252 326 29
252 351 74
252 377 82
252 395 40
252 603 53
252 641 15
252 970 41
252 1030 16
252 1189 62
252 1469 38
252 1679 50
253 388 97
253 498 62
253 519 94
253 629 16
253 914 51
253 1473 33
253 1842 35
253 1887 10
253 1888 71
254 435 17
254 747 99
254 762 29
254 1119 56
254 1220 43
254 1721 44
255 383 9
255 498 68
255 728 94
255 1469 91
256 472 51
256 488 74
256 971 10
256 1868 94
257 387 43
257 1572 6
257 1663 40
257 1867 9
257 1996 88
258 824 82
258 1266 7
258 1641 61
258 1905 37
259 623 19
259 791 11
259 1236 58
259 1732 27
259 1776 14
260 508 61
260 1206 59
260 1865 27
261 413 6
261 414 3
261 486 39
261 1099 32
261 1242 2
261 1336 54
261 1628 42
261 1718 32
262 1114 27
262 1547 19
263 356 12
263 385 40
263 648 97
263 1381 69
264 1458 80
265 286 56
265 362 38
265 516 81
265 547 27
265 641 78
265 798 50
265 812 49
265 820 80
265 1339 3
265 1354 68
265 1508 4
265 1700 97
265 1705 99
265 1931 92
265 1934 69
266 941 56
266 1093 75
266 1425 63
266 1508 5
266 1976 81
267 868 66
267 1230 91
267 1295 92
267 1351 18
268 291 14
268 310 76
268 662 29
268 779 43
268 1308 84
268 1562 54
268 1577 35
268 1726 72
269 339 85
269 380 87
269 549 59
269 775 70
269 883 59
269 921 2
269 1210 37
270 835 89
270 1305 70
271 296 36
271 405 51
271 411 84
271 1083 77
271 1447 9
272 488 3
272 665 7
272 1599 8
272 1600 13
273 577 13
273 659 6
273 711 96
273 794 20
273 797 98
273 1527 78
273 1558 19
274 352 97
274 495 39
274 652 99
274 1098 20
275 355 9
275 403 96
275 667 88
275 1226 5
275 1344 79
276 478 9
276 520 13
276 729 35
276 737 82
276 820 64
276 884 74
276 947 95
276 1192 24
276 1218 20
276 1312 73
276 1366 17
277 304 61
277 317 48
277 594 69
277 1918 68
278 289 85
278 409 46
278 613 70
279 280 38
279 504 25
279 514 72
279 905 4
279 1079 74
279 1383 79
279 1630 6
279 1939 33
280 929 2
280 1235 29
281 315 81
281 407 87
281 727 13
281 815 7
281 931 29
281 1030 78
281 1472 56
282 296 2
282 364 68
282 520 97
282 593 18
282 751 26
282 1106 12
283 397 15
283 548 95
283 646 47
283 774 25
283 1011 75
283 1100 85
283 1115 34
283 1876 59
284 1898 21
285 860 18
285 1074 50
285 1100 20
285 1708 38
285 1742 70
285 1912 7
286 310 44
286 340 43
286 1414 75
286 1955 36
287 367 31
287 920 73
287 1110 90
287 1284 94
287 1995 83
288 525 79
288 798 60
289 427 58
289 524 78
289 702 83
289 938 17
289 957 43
289 1109 59
289 1239 1
289 1481 38
289 1780 35
290 744 33
290 1205 97
290 1265 70
290 1283 92
290 1478 46
290 1608 88
291 330 45
292 511 30
292 569 24
292 810 90
292 885 22
292 904 80
292 1600 23
293 348 78
293 489 54
293 780 18
293 845 63
293 1548 1
295 451 11
295 480 57
295 757 33
295 1779 66
296 948 89
296 1090 97
297 311 25
297 1816 7
298 303 90
298 1192 54
298 1203 45
298 1413 22
298 1931 54
299 394 9
299 586 78
299 667 89
300 564 26
300 1432 90
300 1699 7
301 461 31
301 473 32
301 1510 43
302 626 81
302 811 65
302 1929 87
303 444 24
303 582 57
303 640 88
303 705 56
303 1768 8
304 1384 20
305 1464 22
306 519 80
306 980 68
306 981 9
306 1280 71
306 1396 2
306 1778 64
306 1910 24
306 1940 58
308 451 9
308 837 48
308 997 83
308 1984 59
309 438 3
309 622 36
309 1011 22
309 1796 88
309 1885 36
309 1959 89
310 384 11
310 506 20
310 575 64
310 695 35
310 740 1
310 1445 97
310 1772 48
310 1804 52
311 717 74
311 998 45
311 1408 52
312 1020 55
312 1964 7
313 848 14
313 1061 21
313 1103 48
313 1901 92
314 629 25
314 783 99
314 1164 41
314 1260 45
314 1292 88
314 1428 61
314 1455 85
314 1570 50
314 1715 30
314 1790 5
315 351 17
315 443 12
315 624 100
315 1148 80
315 1414 21
315 1625 67
316 416 96
316 561 64
316 935 95
316 976 61
316 1026 58
316 1040 87
316 1560 9
317 920 46
318 511 89
318 605 14
318 833 73
318 1614 50
318 1730 65
318 1906 82
319 327 55
319 775 62
319 1675 37
320 321 36
320 371 16
320 658 37
320 687 91
320 1085 7
320 1200 38
320 1322 89
320 1526 79
320 1935 81
321 388 96
321 597 43
321 1188 36
322 436 17
322 647 81
322 658 96
322 1548 4
323 1028 80
323 1095 13
324 424 88
325 481 81
325 562 78
325 686 47
325 723 37
325 812 90
325 1139 58
325 1249 59
325 1332 29
325 1337 60
325 1564 73
325 1778 56
325 1939 80
326 515 100
326 540 57
326 671 47
326 878 17
326 990 83
326 1717 17
326 1917 23
327 623 79
327 661 13
327 1080 24
327 1861 72
327 1981 24
328 999 12
328 1234 50
328 1746 18
329 404 35
329 715 52
329 840 98
329 1043 95
329 1213 4
329 1436 24
329 1920 66
329 1944 68
330 338 30
330 447 67
330 1921 65
331 851 42
331 872 4
331 1127 93
331 1274 82
331 1492 3
331 1701 65
332 369 48
332 470 59
332 480 84
332 626 22
332 850 72
332 924 76
332 1022 83
332 1061 18
332 1222 5
332 1224 15
332 1237 89
332 1240 92
332 1291 29
332 1630 29
332 1652 50
332 1664 72
333 484 39
333 1057 96
334 475 11
334 1605 67
334 1645 52
335 365 37
335 444 17
335 576 41
336 471 54
336 968 21
336 1052 66
337 361 44
337 395 82
337 965 55
337 1385 8
337 1463 22
337 1849 88
338 702 74
338 867 12
338 898 94
338 1228 64
338 1608 96
339 494 66
339 534 99
339 650 73
339 1365 77
340 598 58
341 1427 42
341 1483 64
342 1128 97
342 1281 80
343 380 65
344 1044 46
345 858 36
345 860 25
345 867 76
345 1340 97
345 1350 13
346 618 32
346 688 32
346 730 57
346 1629 78
346 1794 31
347 363 66
347 579 95
347 783 90
347 1137 94
348 357 52
348 537 37
348 565 66
348 992 41
348 1194 87
348 1320 47
349 355 65
349 1053 69
349 1254 64
350 412 84
350 720 56
350 1039 87
350 1287 62
350 1433 49
350 1712 72
350 1714 76
352 1412 68
353 682 45
353 724 26
353 1377 63
353 1631 57
353 1672 54
353 1758 13
354 610 83
354 670 41
354 681 46
354 726 88
354 792 99
354 1384 74
354 1668 21
354 1815 77
355 430 13
356 609 57
357 1764 7
358 447 13
358 1709 17
359 373 67
359 539 83
360 1101 1
360 1847 29
361 644 83
361 992 83
361 1806 58
362 596 72
362 1031 91
362 1539 8
362 1594 58
363 528 76
363 650 97
363 1207 14
363 1693 97
363 1932 12
363 1960 64
364 689 34
364 1063 63
364 1346 25
364 1809 7
364 1878 82
364 1964 96
365 544 94
365 841 25
366 403 99
366 1062 61
367 433 32
367 478 23
367 501 18
367 518 24
367 655 80
367 852 80
367 1047 74
367 1454 7
367 1509 38
367 1635 13
367 1864 41
368 475 79
368 512 68
368 527 67
368 1318 99
368 1467 83
368 1900 11
369 1012 56
369 1103 60
369 1468 31
370 492 10
370 685 70
370 1452 59
371 1422 13
372 611 14
372 1702 71
373 410 66
373 830 6
373 1984 4
374 446 92
374 573 5
374 579 19
374 775 45
374 1230 23
374 1540 41
374 1695 94
375 431 55
375 483 79
375 516 9
375 518 78
375 713 65
375 996 46
375 1364 18
377 496 74
378 690 24
378 727 75
378 1421 98
378 1720 82
379 415 95
380 1637 28
381 562 13
381 764 26
381 1006 60
381 1152 69
382 846 57
382 1484 22
382 1499 29
383 643 30
383 1083 87
384 1148 72
384 1603 72
385 838 55
385 840 64
385 854 19
385 882 24
385 891 30
385 1468 53
385 1586 96
386 1961 39
387 1057 11
387 1079 54
387 1794 30
388 539 97
388 1204 50
388 1658 10
389 666 66
389 689 40
389 696 91
390 608 55
390 668 11
390 1134 88
391 1196 59
391 1225 71
392 594 7
392 1169 84
392 1297 62
393 602 18
393 1335 3
394 462 13
394 503 83
394 509 73
394 638 36
394 757 86
394 760 27
394 765 69
394 913 97
394 994 93
394 998 72
394 1107 60
394 1239 7
394 1397 39
394 1649 9
394 1681 28
395 1780 28
397 672 4
397 1204 9
397 1790 8
398 1052 35
398 1202 77
398 1215 86
398 1343 60
399 559 53
399 605 19
399 637 91
399 931 25
399 1102 38
399 1768 83
399 1825 29
399 1846 98
399 1883 41
400 893 37
400 1232 75
400 1384 100
400 1689 23
400 1832 4
401 633 47
401 877 36
402 767 13
403 651 75
403 900 83
403 1060 25
403 1164 64
403 1211 52
404 711 92
404 787 33
404 1610 95
405 600 77
407 1682 92
407 1788 15
409 992 7
409 1077 41
409 1144 51
409 1230 68
409 1521 53
409 1530 62
410 1348 21
410 1402 53
410 1694 29
411 880 32
411 912 16
413 1476 58
414 1848 44
414 1862 20
415 621 25
416 417 31
416 459 44
416 572 8
416 581 97
416 583 39
416 928 3
416 1271 11
416 1278 8
416 1516 16
416 1853 2
417 513 8
417 657 72
417 702 53
417 814 61
417 1017 52
417 1150 71
417 1427 95
417 1448 80
417 1697 88
418 654 30
418 986 6
418 1044 76
418 1280 1
418 1590 28
418 1706 55
418 1721 95
419 531 16
419 693 35
419 810 49
419 827 70
419 1111 10
419 1522 84
419 1648 96
419 1743 64
419 1749 16
419 1819 82
420 593 32
420 1413 83
422 588 33
422 684 55
422 1703 76
423 445 60
423 492 54
423 560 6
423 632 75
423 649 86
423 1125 88
423 1189 59
423 1842 76
423 1851 70
423 1936 33
424 728 3
424 751 97
424 1466 30
425 432 57
425 607 74
425 1131 40
425 1217 30
425 1583 28
426 1124 35
426 1546 51
427 751 43
427 923 32
428 485 40
428 554 38
428 608 52
428 874 15
429 1535 67
430 1135 23
430 1826 62
431 533 84
431 854 18
431 1000 7
431 1149 92
431 1183 41
431 1262 26
431 1542 51
431 1609 37
431 1759 77
434 505 66
434 1193 23
434 1232 81
434 1498 75
434 1836 20
434 1866 97
434 1949 41
435 1340 78
435 1819 42
436 557 86
436 628 46
436 961 62
436 1438 40
436 1595 38
436 1718 98
436 1926 7
437 921 75
437 944 54
437 1109 17
437 1162 80
438 699 67
438 1303 17
439 940 75
439 1850 87
439 1948 86
440 949 75
440 1097 33
441 522 77
441 771 91
441 1353 67
442 628 97
442 710 12
442 712 94
442 904 14
442 1875 97
442 1912 92
442 1973 47
444 796 47
445 1329 48
446 553 18
446 738 98
446 826 94
446 851 15
446 986 66
446 1407 46
446 1453 95
446 1539 78
446 1609 3
446 1659 71
446 1907 3
447 639 14
447 677 90
447 679 30
447 847 63
447 1143 48
447 1163 48
447 1351 11
447 1358 89
448 541 5
448 545 22
448 570 7
448 694 12
448 1263 12
448 1391 88
448 1446 47
448 1515 83
448 1551 55
448 1652 48
449 507 54
449 536 83
449 825 91
449 1058 43
449 1120 57
449 1480 3
450 771 75
450 1796 15
452 665 44
452 1317 33
452 1521 31
453 563 77
453 594 10
453 803 54
455 719 11
455 1358 74
457 1358 11
457 1448 94
458 1104 80
458 1328 95
460 764 86
460 934 41
460 1196 24
460 1444 10
460 1450 45
460 1511 77
461 681 74
461 721 38
461 722 22
461 834 79
461 1198 56
461 1214 1
461 1533 67
461 1587 72
462 1208 93
462 1730 42
463 970 43
463 1065 43
463 1475 28
463 1611 80
463 1773 43
463 1812 73
464 1027 43
465 673 90
466 699 55
467 1633 44
468 1581 69
469 651 12
469 683 88
469 814 40
469 926 25
469 1083 64
469 1271 17
469 1512 88
469 1616 42
469 1766 7
470 504 77
470 697 27
470 1383 82
470 1636 72
471 616 30
472 517 52
472 870 92
472 1118 14
472 1142 94
472 1437 70
473 529 36
473 588 15
473 590 100
473 861 77
473 890 99
473 1218 62
473 1382 86
473 1453 28
473 1514 6
473 1515 33
473 1646 30
473 1865 44
477 1139 79
477 1250 86
477 1926 96
478 1035 22
478 1044 14
478 1087 12
478 1134 98
478 1153 33
478 1946 61
479 555 54
479 849 55
482 676 51
484 523 18
484 653 21
484 690 98
484 750 91
485 500 25
485 542 87
485 585 9
485 963 72
485 1169 15
485 1387 83
485 1768 52
485 1785 86
485 1837 6
486 708 82
487 584 83
487 642 90
487 757 31
487 817 26
487 824 26
487 865 35
487 1429 70
487 1712 67
487 1781 27
488 495 34
488 600 1
488 1750 69
489 1072 9
489 1463 7
491 1610 60
493 570 39
493 794 79
493 1256 97
493 1475 81
493 1682 95
493 1938 81
495 534 63
495 977 39
496 1370 42
497 904 50
497 1032 47
497 1916 13
498 568 70
499 761 48
499 1111 5
500 697 70
500 770 68
500 826 42
500 915 93
500 1069 61
500 1104 21
500 1266 63
500 1815 18
500 1904 7
500 1944 45
500 1983 98
500 1991 8
501 1007 36
501 1073 13
503 540 73
503 807 45
504 510 24
504 793 65
504 1885 35
505 529 17
505 916 45
505 1233 70
505 1877 15
507 718 86
507 805 30
507 851 78
507 998 68
507 1142 77
507 1535 34
507 1740 7
507 1868 81
507 1970 40
510 554 98
510 583 34
510 613 21
510 725 24
510 991 16
510 1130 15
510 1309 38
510 1697 52
510 1833 51
510 1919 94
510 1968 70
511 1174 100
512 1073 52
513 1216 14
514 1307 98
516 1814 63
517 991 7
517 1091 19
517 1204 20
517 1268 34
517 1470 72
518 712 87
518 808 10
518 930 90
519 550 47
519 688 16
519 1677 5
519 1951 40
520 1006 90
520 1990 42
521 613 49
521 748 4
521 786 44
521 1102 15
521 1112 97
521 1147 79
521 1529 89
522 1022 14
523 738 60
523 779 58
524 577 47
524 621 7
524 1537 2
525 1352 62
525 1481 53
526 1571 68
528 767 34
528 1098 27
528 1167 40
528 1255 28
530 1060 60
530 1140 54
530 1297 23
530 1433 25
530 1434 42
530 1442 32
530 1667 56
530 1863 76
531 732 97
531 776 88
531 929 1
531 943 6
531 1196 38
531 1480 1
531 1667 8
532 864 84
533 873 56
533 982 7
534 675 75
534 869 81
534 1064 5
534 1107 55
535 1211 49
536 1132 80
538 835 72
539 1234 69
539 1564 73
539 1711 34
539 1928 67
540 799 88
540 1578 16
542 784 59
542 1013 94
543 958 25
543 1465 57
543 1643 93
544 1177 15
545 619 1
545 704 27
545 852 76
545 876 20
545 1122 60
545 1134 40
545 1360 42
545 1642 54
545 1776 78
545 1792 23
546 557 26
546 621 86
546 694 94
546 737 60
546 793 20
546 1247 93
546 1253 18
546 1556 84
547 1504 14
548 1175 30
548 1294 81
548 1503 47
548 1602 96
548 1736 41
549 567 26
549 1003 9
549 1117 3
549 1369 41
549 1643 5
549 1738 78
549 1773 7
549 1849 46
550 612 46
550 742 3
550 883 64
550 916 56
551 770 54
552 572 3
552 1038 94
552 1524 91
553 661 44
553 733 52
553 753 69
553 1142 13
553 1592 84
553 1827 87
554 691 26
554 1696 16
555 1940 58
557 736 95
557 787 79
559 770 18
559 1120 52
560 778 97
560 988 23
560 1074 26
560 1085 52
560 1120 83
560 1253 32
560 1339 31
560 1737 60
561 949 8
561 962 58
561 1086 60
561 1288 69
561 1841 87
561 1951 21
561 1961 15
562 673 6
562 733 67
562 950 1
562 1010 32
562 1041 95
562 1113 87
562 1207 53
562 1336 98
562 1600 66
562 1973 36
563 762 99
563 915 68
563 956 12
563 959 75
563 1330 64
563 1476 9
563 1784 23
564 1666 4
564 1845 59
567 1685 20
568 1058 33
568 1330 16
568 1754 46
571 766 63
571 853 90
571 1823 85
572 755 47
572 941 6
573 825 19
573 1170 85
573 1575 65
574 1771 76
575 982 72
575 1620 30
576 592 42
576 660 8
576 846 47
576 1305 9
577 743 87
577 947 86
577 1034 11
577 1182 56
577 1268 18
577 1425 39
577 1594 11
577 1928 18
578 933 66
579 584 9
579 620 89
579 675 99
580 1719 22
581 646 84
581 1031 17
581 1132 13
581 1261 54
581 1524 18
581 1958 71
582 638 10
582 899 13
582 1200 96
582 1558 23
582 1901 94
583 973 39
583 1969 17
584 1322 96
585 599 62
585 847 64
585 1243 68
585 1311 84
585 1969 10
586 731 93
586 1183 22
587 1452 8
587 1827 35
588 1042 54
588 1045 23
588 1259 53
588 1302 16
588 1580 85
589 913 99
589 932 93
589 1477 60
589 1517 4
589 1545 65
589 1597 92
589 1966 60
591 1656 79
591 1903 81
592 682 32
592 861 35
592 1711 93
593 668 74
593 858 19
593 929 97
594 717 46
594 811 40
594 1312 62
594 1623 63
595 684 37
595 772 43
595 950 89
595 1021 85
595 1185 62
595 1440 75
597 1194 37
598 612 34
598 1152 15
599 759 36
599 1566 93
599 1724 4
600 1296 22
600 1718 68
601 738 11
602 719 70
604 1089 65
604 1362 94
604 1371 21
605 866 84
606 927 33
606 1212 7
607 658 39
607 685 57
607 1652 15
608 1399 94
609 615 1
609 741 9
609 1443 38
610 709 3
610 980 49
610 1025 11
610 1868 72
611 1612 61
611 1795 74
612 809 99
612 1011 31
612 1299 47
612 1669 13
613 1664 37
615 656 29
616 875 70
616 936 58
616 1316 39
616 1982 32
617 1003 63
619 1597 95
619 1935 27
620 1641 60
620 1686 21
621 703 15
621 1029 77
621 1148 36
621 1200 62
621 1749 37
622 919 3
622 989 70
622 1270 17
622 1471 52
623 716 41
623 721 74
623 1293 16
624 734 14
624 1313 96
624 1392 47
624 1821 89
624 1831 66
624 1835 49
625 1105 14
625 1791 28
627 1710 66
628 1387 9
629 758 40
629 1743 11
630 1154 3
631 1042 66
631 1365 88
631 1376 10
631 1494 25
632 1578 54
632 1871 34
633 645 19
635 694 45
635 1960 78
637 1161 4
637 1223 92
638 758 93
638 901 87
638 946 55
638 1449 31
640 1306 5
641 1899 72
642 708 27
642 1338 18
643 710 29
643 938 52
643 1345 20
643 1611 50
644 674 33
644 736 6
644 807 49
644 1414 61
645 855 14
645 856 63
645 1352 79
646 794 86
646 1326 67
647 735 32
647 828 42
647 1279 36
647 1289 18
647 1585 28
647 1627 32
647 1735 18
647 1956 77
648 706 13
648 893 57
648 1182 29
648 1484 13
648 1588 24
648 1670 16
649 791 6
650 744 80
651 1174 21
652 971 99
652 995 56
652 1164 7
652 1394 41
652 1965 43
654 1094 88
655 1398 38
655 1651 74
656 680 97
656 801 97
656 876 28
656 1106 78
656 1248 93
656 1672 71
657 678 55
657 848 52
657 1100 49
657 1225 71
657 1274 61
657 1864 46
657 1867 60
658 806 39
658 955 84
658 1741 99
659 823 9
659 1505 92
659 1931 70
660 840 19
662 879 31
662 1094 14
662 1113 40
662 1359 89
663 675 53
663 837 91
663 961 65
663 1129 45
663 1189 94
663 1483 22
665 1149 33
665 1223 6
665 1673 57
665 1959 28
666 810 9
666 918 32
666 1723 30
667 1715 25
668 682 48
668 1486 13
669 901 82
669 1698 42
669 1792 21
670 1717 40
671 681 99
671 1026 91
674 1639 25
675 1055 97
675 1645 22
675 1732 38
675 1786 16
675 1923 68
676 720 39
676 802 66
676 841 9
676 1036 97
676 1691 60
677 952 76
678 1848 30
679 1242 63
679 1523 18
680 994 91
680 1285 11
680 1584 50
680 1880 97
680 1892 3
681 1262 98
681 1806 75
684 1058 30
684 1863 79
686 700 67
686 869 88
686 1023 97
686 1743 14
687 1132 12
687 1663 17
689 829 61
689 1121 56
690 706 94
690 1115 70
690 1187 79
691 853 91
691 912 21
691 959 98
691 1729 28
692 815 82
692 1814 96
693 863 3
693 880 57
693 1315 90
694 962 57
695 1423 75
698 795 41
698 889 99
698 908 27
698 932 44
698 1217 21
699 958 46
699 1116 25
699 1423 16
700 1474 74
700 1957 99
701 1014 62
701 1231 66
702 1541 45
702 1682 5
702 1958 91
703 969 83
704 1015 49
704 1782 37
705 1084 16
705 1321 47
705 1593 11
705 1993 87
706 780 21
706 818 54
706 832 26
706 984 69
706 1166 86
706 1255 38
706 1316 86
706 1367 84
707 843 50
707 1023 35
707 1173 64
707 1241 42
707 1323 2
707 1547 80
708 734 3
709 981 54
709 1244 67
710 1070 96
711 1184 4
711 1622 88
711 1789 91
711 1900 10
712 745 34
712 1490 12
712 1997 72
713 1111 32
713 1146 80
713 1174 54
714 923 46
714 1320 82
714 1369 10
717 753 86
717 1021 11
717 1028 82
717 1193 38
717 1278 86
718 1302 56
718 1413 92
718 1591 74
719 800 84
719 1455 87
720 1805 34
721 731 13
722 731 100
722 1710 25
723 756 47
723 1183 60
723 1341 17
724 930 83
724 1911 3
725 749 47
725 984 75
725 985 40
725 1342 68
726 777 21
726 1091 9
726 1638 85
726 1728 27
728 880 98
728 1009 96
728 1155 18
728 1260 76
728 1542 95
728 1574 100
728 1774 32
730 910 35
730 1367 21
731 759 39
731 1151 72
731 1206 28
731 1608 85
731 1782 82
732 849 47
732 1512 21
733 816 72
733 1035 56
733 1039 46
733 1087 92
733 1117 3
733 1556 88
734 1098 54
735 1180 2
735 1304 9
735 1992 48
736 1521 71
738 955 4
738 1592 76
739 1197 59
739 1784 30
741 813 3
741 1422 7
741 1432 23
742 1276 13
743 1065 47
744 1895 95
746 1611 54
747 1859 29
748 892 35
748 1440 53
748 1775 78
749 1244 70
750 994 1
751 833 45
753 1237 2
753 1275 76
754 1193 100
754 1213 63
754 1596 36
755 874 20
755 964 54
755 1409 57
755 1793 11
755 1923 32
759 771 52
759 1460 80
760 862 92
760 917 13
760 976 93
760 1378 85
760 1925 50
761 819 92
763 779 99
764 948 22
764 975 5
764 1419 68
764 1655 21
764 1874 75
764 1887 45
765 1152 96
765 1264 71
766 1107 38
766 1489 7
766 1532 24
766 1750 48
767 983 4
769 1259 79
769 1406 14
771 1145 2
771 1258 13
771 1578 8
771 1708 23
772 1387 36
772 1791 39
774 1126 91
774 1273 80
774 1290 29
774 1555 9
774 1650 79
774 1827 49
775 815 27
775 1143 43
775 1343 33
775 1708 8
776 1616 68
776 1774 22
778 1024 11
778 1653 95
778 1654 78
779 1412 43
779 1462 56
779 1563 12
779 1739 21
779 1991 20
780 864 28
781 1457 95
781 1680 27
782 1159 33
782 1677 2
783 1222 88
784 899 32
785 1191 62
786 1592 85
787 900 17
787 932 16
787 983 31
787 1055 31
788 871 28
788 1040 50
788 1179 35
788 1199 66
788 1241 14
791 1361 75
793 1025 54
793 1484 3
795 1067 74
795 1190 50
795 1360 83
797 1370 66
798 1108 29
799 827 36
799 1505 54
800 1621 48
800 1796 90
801 822 5
801 1002 96
801 1291 39
801 1493 36
801 1546 64
801 1789 2
802 1137 26
802 1572 29
802 1589 53
802 1944 86
803 1066 94
803 1225 68
803 1878 63
804 1124 25
805 822 36
805 1167 10
805 1405 61
805 1850 87
805 1871 9
805 1934 32
807 1400 89
807 1805 84
807 1927 54
808 1154 20
809 906 8
809 1626 62
811 1373 36
811 1518 75
812 1531 80
812 1769 79
814 1642 63
815 1665 82
816 981 9
816 1509 40
817 836 13
817 1399 1
820 1952 6
822 940 57
822 1604 43
822 1828 69
823 854 36
823 1382 70
823 1917 67
824 1734 66
824 1922 18
826 886 29
826 1874 88
828 1128 52
828 1784 99
829 974 42
831 836 44
832 1478 96
833 1820 77
834 845 90
835 957 39
835 1314 41
835 1632 31
835 1875 24
836 1561 23
836 1621 64
836 1912 84
837 1346 2
839 895 37
839 936 79
839 1335 54
839 1362 33
839 1462 3
839 1569 26
839 1936 88
840 1133 71
840 1191 78
840 1696 84
841 868 54
841 963 99
845 996 24
845 1077 57
846 995 50
846 1343 55
846 1348 14
847 1503 26
847 1590 21
848 1580 5
849 1627 96
849 1727 83
849 1857 52
850 1774 4
852 1839 97
853 1486 31
853 1825 92
854 1480 27
854 1572 35
854 1745 50
854 1886 98
855 1974 34
857 1173 25
857 1216 50
857 1491 48
857 1630 44
858 1146 57
858 1282 45
858 1366 4
858 1634 87
859 1093 99
860 919 42
860 1160 77
860 1466 32
861 1461 40
863 1246 93
864 894 74
864 968 11
864 1404 66
864 1497 17
869 1619 91
871 944 76
871 1290 32
871 1486 39
871 1557 9
871 1853 10
872 1628 62
872 1662 25
873 1545 81
873 1636 18
874 1361 27
875 960 75
875 1108 46
875 1140 99
875 1534 5
875 1540 14
875 1852 74
876 1828 69
877 1678 69
878 1275 60
878 1411 96
878 1843 21
879 1581 12
879 1927 15
879 1942 17
880 922 24
880 1136 28
880 1536 94
883 1561 92
883 1590 79
884 1349 15
885 1116 75
885 1926 47
886 1517 53
888 1622 68
888 1798 4
889 1609 91
889 1985 51
892 1186 80
892 1187 67
892 1433 89
892 1588 67
893 1059 66
894 1085 65
895 1074 33
895 1362 71
895 1706 2
896 1027 68
897 970 81
897 1932 12
898 1215 84
898 1468 40
898 1822 97
898 1856 95
900 1936 45
901 1354 61
902 953 13
902 1046 68
902 1080 14
902 1376 38
902 1487 45
903 1356 90
905 1895 95
906 1586 12
908 1891 38
908 1952 63
910 1541 88
910 1726 29
910 1834 4
911 1834 39
911 1893 20
911 1907 51
912 1701 6
912 1979 45
914 1013 21
914 1184 13
914 1347 65
916 1450 63
917 1188 38
921 1203 83
922 1113 27
922 1119 99
922 1542 46
923 1950 38
924 934 95
925 1445 36
925 1692 66
925 1749 11
926 964 8
926 1499 24
927 1723 5
927 1899 60
928 1114 61
930 956 47
930 1293 97
930 1401 76
930 1695 68
931 1475 31
931 1498 10
932 1568 84
932 1746 67
932 1987 9
933 1201 10
934 1555 32
935 1601 62
935 1765 5
940 1175 58
940 1785 69
942 1000 7
942 1430 48
942 1495 50
943 1500 11
944 1325 28
946 1803 77
947 1546 51
949 1153 19
949 1838 19
950 1891 39
951 997 71
952 1282 90
953 1005 83
953 1245 99
953 1789 19
955 1012 32
955 1676 78
955 1873 94
957 1457 23
957 1566 91
958 1476 70
959 975 83
960 1694 51
960 1736 85
960 1884 76
962 1351 81
962 1957 68
965 1549 56
968 1277 26
968 1573 75
969 1013 70
969 1026 58
969 1445 1
969 1794 25
971 1298 89
971 1649 23
971 1909 78
972 1224 90
972 1573 17
972 1821 25
973 1056 92
974 1551 26
977 1986 47
978 1461 84
979 1441 20
979 1485 78
979 1701 21
980 1405 74
981 1504 89
981 1603 37
982 1894 81
985 1018 14
985 1753 38
988 1147 30
988 1202 81
988 1410 67
989 1280 99
989 1972 59
991 1192 44
991 1409 26
992 1176 33
993 1096 35
993 1434 88
994 1288 59
995 1705 84
996 1049 89
996 1067 35
998 1339 11
998 1430 29
999 1043 9
999 1252 20
1001 1648 25
1002 1170 19
1002 1455 92
1002 1758 65
1004 1051 6
1004 1070 100
1005 1036 2
1005 1268 33
1005 1285 60
1008 1071 43
1008 1277 85
1008 1775 85
1009 1242 26
1010 1279 41
1010 1285 87
1010 1921 22
1012 1071 61
1012 1090 100
1012 1979 78
1013 1015 40
1013 1284 46
1013 1513 78
1014 1597 80
1014 1879 59
1017 1133 41
1017 1576 20
1017 1698 50
1018 1191 22
1018 1202 74
1018 1674 9
1019 1661 84
1019 1707 23
1023 1296 55
1024 1490 13
1025 1613 47
1027 1333 33
1027 1496 16
1028 1359 43
1029 1033 19
1029 1604 29
1031 1040 83
1031 1116 38
1031 1473 87
1032 1846 91
1033 1190 29
1035 1076 96
1038 1082 62
1039 1899 2
1041 1226 90
1042 1534 97
1042 1872 52
1042 1898 52
1043 1533 17
1043 1996 42
1044 1064 22
1044 1229 56
1045 1069 99
1045 1265 64
1045 1617 49
1046 1882 72
1047 1925 72
1049 1096 20
1049 1977 16
1050 1125 73
1051 1286 24
1052 1238 54
1054 1313 96
1055 1294 39
1055 1500 68
1056 1937 51
1057 1483 61
1057 1514 24
1057 1538 23
1059 1161 56
1059 1499 53
1059 1657 26
1060 1514 63
1062 1841 21
1063 1203 18
1063 1526 75
1064 1363 12
1064 1693 79
1066 1563 70
1068 1375 95
1069 1245 21
1070 1240 78
1071 1424 35
1071 1598 58
1071 1601 54
1071 1835 34
1073 1246 45
1073 1372 57
1073 1396 39
1078 1129 92
1078 1157 90
1078 1323 60
1078 1395 16
1079 1602 25
1079 1692 31
1085 1180 44
1085 1953 16
1087 1377 51
1087 1971 19
1089 1404 80
1091 1157 44
1092 1502 23
1092 1549 5
1092 1877 55
1093 1233 7
1097 1643 64
1099 1105 15
1101 1214 7
1101 1870 89
1102 1579 24
1104 1474 27
1105 1250 68
1105 1974 92
1107 1218 23
1109 1267 66
1109 1374 90
1110 1258 60
1110 1703 55
1113 1301 47
1121 1123 40
1122 1559 88
1122 1986 4
1123 1727 23
1125 1607 57
1125 1933 69
1127 1762 78
1128 1237 65
1128 1842 34
1128 1856 4
1130 1945 80
1131 1744 85
1133 1633 65
1134 1894 84
1135 1179 91
1135 1435 6
1135 1824 89
1136 1875 61
1137 1407 43
1137 1647 17
1137 1985 16
1138 1154 62
1138 1155 8
1138 1371 34
1141 1702 71
1141 1764 77
1143 1334 99
1143 1400 2
1143 1557 14
1144 1165 66
1147 1620 17
1152 1510 44
1153 1173 16
1154 1797 22
1156 1731 52
1157 1501 69
1157 1696 28
1160 1209 49
1160 1591 90
1164 1176 20
1164 1535 10
1164 1919 63
1166 1355 68
1169 1328 49
1173 1690 98
1173 1757 33
1175 1616 61
1178 1194 99
1178 1321 86
1178 1411 24
1178 1543 77
1178 1704 11
1179 1415 93
1179 1856 55
1179 1963 50
1180 1327 82
1180 1911 60
1181 1269 61
1181 1943 8
1181 1967 21
1183 1589 29
1185 1277 2
1185 1350 52
1187 1207 78
1187 1477 93
1187 1689 14
1188 1270 41
1188 1338 13
1192 1636 47
1192 1807 46
1196 1677 58
1202 1662 82
1204 1359 75
1204 1399 66
1206 1845 82
1207 1518 18
1207 1836 20
1207 1974 43
1208 1368 35
1209 1426 74
1209 1769 67
1213 1593 81
1213 1909 65
1218 1519 51
1218 1852 46
1218 1984 80
1219 1272 5
1219 1368 96
1219 1950 97
1222 1544 59
1222 1670 38
1222 1674 42
1223 1698 9
1225 1263 59
1225 1558 4
1227 1496 37
1227 1788 92
1229 1752 37
1230 1281 95
1230 1437 2
1230 1587 8
1231 1416 76
1233 1776 41
1236 1479 95
1236 1612 12
1238 1667 80
1242 1418 37
1243 1587 28
1245 1498 43
1248 1459 67
1251 1751 50
1252 1716 37
1253 1892 78
1254 1659 15
1255 1439 73
1255 1799 83
1255 1886 97
1255 1915 61
1255 1967 20
1257 1644 67
1259 1437 74
1259 1465 71
1259 1536 60
1260 1621 63
1261 1855 22
1262 1434 78
1262 1461 34
1262 1649 23
1262 1715 81
1264 1331 41
1265 1460 49
1266 1421 27
1266 1626 86
1266 1956 80
1267 1554 64
1267 1661 80
1269 1459 19
1272 1329 25
1274 1308 3
1274 1629 10
1274 1788 76
1276 1957 62
1277 1398 28
1279 1326 77
1279 1479 36
1279 1843 11
1280 1390 39
1280 1750 48
1281 1763 37
1282 1553 99
1282 1762 34
1286 1569 96
1287 1444 100
1288 1582 21
1289 1904 55
1291 1392 15
1291 1495 87
1291 1552 23
1293 1298 21
1296 1554 73
1296 1979 78
1299 1671 64
1300 1599 97
1302 1656 38
1302 1761 72
1303 1488 2
1306 1857 27
1307 1567 23
1307 1672 64
1307 1822 53
1308 1431 32
1308 1579 39
1308 1795 31
1308 1963 100
1309 1777 51
1310 1493 59
1312 1342 35
1316 1642 55
1316 1859 40
1317 1683 4
1318 1401 63
1319 1845 39
1320 1770 40
1321 1352 69
1321 1395 78
1321 1601 61
1325 1648 33
1326 1927 15
1327 1520 34
1327 1747 87
1328 1506 61
1329 1854 96
1331 1525 72
1331 1637 20
1332 1624 47
1332 1890 65
1334 1684 79
1335 1345 14
1338 1417 91
1338 1657 22
1338 1786 4
1338 1965 84
1339 1530 21
1340 1524 93
1343 1810 95
1344 1393 69
1344 1408 7
1348 1629 73
1349 1596 72
1350 1585 40
1350 1910 30
1352 1435 98
1353 1363 35
1353 1869 74
1353 1993 95
1357 1406 49
1358 1722 79
1358 1811 18
1359 1843 67
1361 1393 34
1361 1969 49
1365 1388 66
1365 1400 98
1367 1552 15
1367 1810 66
1369 1913 74
1374 1575 2
1374 1801 12
1375 1457 46
1375 1495 55
1375 1681 34
1375 1779 29
1375 1947 44
1376 1714 98
1379 1472 40
1384 1595 9
1384 1733 29
1386 1665 56
1386 1977 14
1389 1920 9
1390 1727 63
1390 1998 5
1392 1757 63
1392 1759 26
1393 1744 59
1393 1837 80
1393 1844 11
1393 1858 76
1393 1950 20
1395 1507 18
1399 1860 15
1400 1532 50
1400 1720 9
1400 1798 69
1400 1932 55
1404 1954 59
1406 1921 85
1410 1997 23
1415 1830 87
1415 1930 68
1418 1707 7
1424 1602 76
1426 1911 78
1427 1889 6
1428 1589 59
1429 1783 19
1436 1502 23
1436 1874 98
1437 1765 12
1440 1787 49
1443 1491 54
1443 1659 65
1446 1450 64
1448 1906 32
1450 1562 49
1458 1670 45
1459 1894 83
1464 1549 59
1464 1704 15
1470 1981 6
1473 1550 75
1474 1513 76
1476 1678 46
1478 1662 15
1480 1489 48
1480 1938 96
1481 1676 54
1489 1655 72
1491 1820 16
1495 1664 25
1497 1748 60
1500 1533 24
1502 1624 88
1502 1858 36
1504 1902 8
1507 1532 37
1507 1795 56
1513 1867 28
1515 1599 15
1515 1791 83
1516 1745 11
1524 1641 72
1524 1860 74
1524 1929 63
1528 1671 15
1535 1942 29
1541 1955 84
1545 1902 57
1549 1588 39
1549 1734 69
1550 1982 91
1551 1686 80
1553 1954 76
1557 1854 74
1559 1831 42
1560 1808 60
1562 1772 42
1566 1879 76
1571 1668 70
1572 1754 24
1574 1632 51
1576 1972 77
1578 1824 42
1581 1640 42
1581 1817 68
1581 1946 10
1585 1990 96
1588 1725 56
1589 1760 72
1593 1846 32
1604 1940 1
1605 1666 38
1614 1635 77
1616 1709 62
1620 1896 11
1624 1837 15
1628 1705 7
1640 1644 96
1642 1752 68
1645 1967 95
1650 1687 67
1652 1748 59
1657 1706 14
1659 1712 67
1664 1934 44
1685 1713 48
1692 1729 49
1692 1818 8
1692 1998 89
1698 1812 6
1704 1781 11
1706 1724 99
1712 1939 47
1714 1803 60
1716 1980 61
1718 1855 5
1721 1966 46
1726 1885 42
1733 1740 67
1737 1982 71
1746 1862 69
1751 1803 90
1753 1893 95
1757 1915 1
1760 1828 54
1760 1975 83
1762 1858 15
1770 1913 96
1770 1972 39
1773 1780 56
1778 1797 33
1789 1824 48
1795 1873 15
1815 1826 92
1827 1873 24
1827 1896 29
1828 1946 11
1840 1977 60
1844 1849 92
1846 1857 32
1846 1930 80
1849 1890 70
1861 1892 29
1863 1968 71
1870 1887 58
1907 1988 18
1912 1965 8
1920 1924 89
1947 1998 6
1967 1999 86
